2212
(
	(0.0	0.0	0.0)
	(0.0	0.0	0.0)
	(0.0	0.0	0.0)
	(0.0	0.0	0.0)
	(0.0	0.0	0.0)
	(0.0	0.0	0.0)
	(0.0	0.0	0.0)
	(0.0	0.0	0.0)
	(0.0	0.0	0.0)
	(0.0	0.0	0.0)
	(0.0	0.0	0.0)
	(0.0	0.0	0.0)
	(0.0	0.0	0.0)
	(0.0	0.0	0.0)
	(0.0	0.0	0.0)
	(0.0	0.0	0.0)
	(0.0	0.0	0.0)
	(0.0	0.0	0.0)
	(0.0	0.0	0.0)
	(0.0	0.0	0.0)
	(0.0	0.0	0.0)
	(0.0	0.0	0.0)
	(0.0	0.0	0.0)
	(0.0	0.0	0.0)
	(0.0	0.0	0.0)
	(0.0	0.0	0.0)
	(0.0	0.0	0.0)
	(0.0	0.0	0.0)
	(0.0	0.0	0.0)
	(0.0	0.0	0.0)
	(0.0	0.0	0.0)
	(0.0	0.0	0.0)
	(0.0	0.0	0.0)
	(0.0	0.0	0.0)
	(0.0	0.0	0.0)
	(0.0	0.0	0.0)
	(0.0	0.0	0.0)
	(0.0	0.0	0.0)
	(0.0	0.0	0.0)
	(0.0	0.0	0.0)
	(0.0	0.0	0.0)
	(0.0	0.0	0.0)
	(0.0	0.0	0.0)
	(0.0	0.0	0.0)
	(0.0	0.0	0.0)
	(0.0	0.0	0.0)
	(0.0	0.0	0.0)
	(0.0	0.0	0.0)
	(0.0	0.0	0.0)
	(0.0	0.0	0.0)
	(0.0	0.0	0.0)
	(0.0	0.0	0.0)
	(0.0	0.0	0.0)
	(0.0	0.0	0.0)
	(0.0	0.0	0.0)
	(0.0	0.0	0.0)
	(0.0	0.0	0.0)
	(0.0	0.0	0.0)
	(0.0	0.0	0.0)
	(0.0	0.0	0.0)
	(0.0	0.0	0.0)
	(0.0	0.0	0.0)
	(0.0	0.0	0.0)
	(0.0	0.0	0.0)
	(0.0	0.0	0.0)
	(0.0	0.0	0.0)
	(0.0	0.0	0.0)
	(0.0	0.0	0.0)
	(0.0	0.0	0.0)
	(0.0	0.0	0.0)
	(0.0	0.0	0.0)
	(0.0	0.0	0.0)
	(0.0	0.0	0.0)
	(0.0	0.0	0.0)
	(0.0	0.0	0.0)
	(0.0	0.0	0.0)
	(0.0	0.0	0.0)
	(0.0	0.0	0.0)
	(0.0	0.0	0.0)
	(0.0	0.0	0.0)
	(0.0	0.0	0.0)
	(0.0	0.0	0.0)
	(0.0	0.0	0.0)
	(0.0	0.0	0.0)
	(0.0	0.0	0.0)
	(0.0	0.0	0.0)
	(0.0	0.0	0.0)
	(0.0	0.0	0.0)
	(0.0	0.0	0.0)
	(0.0	0.0	0.0)
	(0.0	0.0	0.0)
	(0.0	0.0	0.0)
	(0.0	0.0	0.0)
	(0.0	0.0	0.0)
	(0.0	0.0	0.0)
	(0.0	0.0	0.0)
	(0.0	0.0	0.0)
	(0.0	0.0	0.0)
	(0.0	0.0	0.0)
	(0.0	0.0	0.0)
	(0.0	0.0	0.0)
	(0.0	0.0	0.0)
	(0.0	0.0	0.0)
	(0.0	0.0	0.0)
	(0.0	0.0	0.0)
	(0.0	0.0	0.0)
	(0.0	0.0	0.0)
	(0.0	0.0	0.0)
	(0.0	0.0	0.0)
	(0.0	0.0	0.0)
	(0.0	0.0	0.0)
	(0.0	0.0	0.0)
	(0.0	0.0	0.0)
	(0.0	0.0	0.0)
	(0.0	0.0	0.0)
	(0.0	0.0	0.0)
	(0.0	0.0	0.0)
	(0.0	0.0	0.0)
	(0.0	0.0	0.0)
	(0.0	0.0	0.0)
	(0.0	0.0	0.0)
	(0.0	0.0	0.0)
	(0.0	0.0	0.0)
	(0.0	0.0	0.0)
	(0.0	0.0	0.0)
	(0.0	0.0	0.0)
	(0.0	0.0	0.0)
	(0.0	0.0	0.0)
	(0.0	0.0	0.0)
	(0.0	0.0	0.0)
	(0.0	0.0	0.0)
	(0.0	0.0	0.0)
	(0.0	0.0	0.0)
	(0.0	0.0	0.0)
	(0.0	0.0	0.0)
	(0.0	0.0	0.0)
	(0.0	0.0	0.0)
	(0.0	0.0	0.0)
	(0.0	0.0	0.0)
	(0.0	0.0	0.0)
	(0.0	0.0	0.0)
	(0.0	0.0	0.0)
	(0.0	0.0	0.0)
	(0.0	0.0	0.0)
	(0.0	0.0	0.0)
	(0.0	0.0	0.0)
	(0.0	0.0	0.0)
	(0.0	0.0	0.0)
	(0.0	0.0	0.0)
	(0.0	0.0	0.0)
	(0.0	0.0	0.0)
	(0.0	0.0	0.0)
	(0.0	0.0	0.0)
	(0.0	0.0	0.0)
	(0.0	0.0	0.0)
	(0.0	0.0	0.0)
	(0.0	0.0	0.0)
	(0.0	0.0	0.0)
	(0.0	0.0	0.0)
	(0.0	0.0	0.0)
	(0.0	0.0	0.0)
	(0.0	0.0	0.0)
	(0.0	0.0	0.0)
	(0.0	0.0	0.0)
	(0.0	0.0	0.0)
	(0.0	0.0	0.0)
	(0.0	0.0	0.0)
	(0.0	0.0	0.0)
	(0.0	0.0	0.0)
	(0.0	0.0	0.0)
	(0.0	0.0	0.0)
	(0.0	0.0	0.0)
	(0.0	0.0	0.0)
	(0.0	0.0	0.0)
	(0.0	0.0	0.0)
	(0.0	0.0	0.0)
	(0.0	0.0	0.0)
	(0.0	0.0	0.0)
	(0.0	0.0	0.0)
	(0.0	0.0	0.0)
	(0.0	0.0	0.0)
	(0.0	0.0	0.0)
	(0.0	0.0	0.0)
	(0.0	0.0	0.0)
	(0.0	0.0	0.0)
	(0.0	0.0	0.0)
	(0.0	0.0	0.0)
	(0.0	0.0	0.0)
	(0.0	0.0	0.0)
	(0.0	0.0	0.0)
	(0.0	0.0	0.0)
	(0.0	0.0	0.0)
	(0.0	0.0	0.0)
	(0.0	0.0	0.0)
	(0.0	0.0	0.0)
	(0.0	0.0	0.0)
	(0.0	0.0	0.0)
	(0.0	0.0	0.0)
	(0.0	0.0	0.0)
	(0.0	0.0	0.0)
	(0.0	0.0	0.0)
	(0.0	0.0	0.0)
	(0.000000	0.0	0.0)
	(0.185118	0.0	0.0)
	(0.330198	0.0	0.0)
	(0.459913	0.0	0.0)
	(0.600848	0.0	0.0)
	(0.765470	0.0	0.0)
	(0.952120	0.0	0.0)
	(1.145023	0.0	0.0)
	(1.315735	0.0	0.0)
	(1.439191	0.0	0.0)
	(1.509740	0.0	0.0)
	(1.541377	0.0	0.0)
	(1.554298	0.0	0.0)
	(1.561436	0.0	0.0)
	(1.567602	0.0	0.0)
	(1.573352	0.0	0.0)
	(1.578867	0.0	0.0)
	(1.584303	0.0	0.0)
	(1.589795	0.0	0.0)
	(1.595451	0.0	0.0)
	(1.601359	0.0	0.0)
	(1.607580	0.0	0.0)
	(1.614153	0.0	0.0)
	(1.621094	0.0	0.0)
	(1.628393	0.0	0.0)
	(1.636019	0.0	0.0)
	(1.643917	0.0	0.0)
	(1.652021	0.0	0.0)
	(1.660271	0.0	0.0)
	(1.668608	0.0	0.0)
	(1.676978	0.0	0.0)
	(1.685332	0.0	0.0)
	(1.693622	0.0	0.0)
	(1.701806	0.0	0.0)
	(1.709847	0.0	0.0)
	(1.717709	0.0	0.0)
	(1.725361	0.0	0.0)
	(1.732778	0.0	0.0)
	(1.739936	0.0	0.0)
	(1.746816	0.0	0.0)
	(1.753404	0.0	0.0)
	(1.759688	0.0	0.0)
	(1.765660	0.0	0.0)
	(1.771319	0.0	0.0)
	(1.776664	0.0	0.0)
	(1.781699	0.0	0.0)
	(1.786434	0.0	0.0)
	(1.790881	0.0	0.0)
	(1.795055	0.0	0.0)
	(1.798977	0.0	0.0)
	(1.802671	0.0	0.0)
	(1.806165	0.0	0.0)
	(1.809487	0.0	0.0)
	(1.812663	0.0	0.0)
	(1.815720	0.0	0.0)
	(1.818677	0.0	0.0)
	(1.821557	0.0	0.0)
	(1.824377	0.0	0.0)
	(1.827152	0.0	0.0)
	(1.829897	0.0	0.0)
	(1.832623	0.0	0.0)
	(1.835339	0.0	0.0)
	(1.838053	0.0	0.0)
	(1.840770	0.0	0.0)
	(1.843492	0.0	0.0)
	(1.846220	0.0	0.0)
	(1.848953	0.0	0.0)
	(1.851688	0.0	0.0)
	(1.854418	0.0	0.0)
	(1.857135	0.0	0.0)
	(1.859831	0.0	0.0)
	(1.862491	0.0	0.0)
	(1.865103	0.0	0.0)
	(1.867649	0.0	0.0)
	(1.870110	0.0	0.0)
	(1.872467	0.0	0.0)
	(1.874695	0.0	0.0)
	(1.876770	0.0	0.0)
	(1.878665	0.0	0.0)
	(1.880349	0.0	0.0)
	(1.881791	0.0	0.0)
	(1.882958	0.0	0.0)
	(1.883813	0.0	0.0)
	(1.884318	0.0	0.0)
	(1.884433	0.0	0.0)
	(1.884116	0.0	0.0)
	(1.883321	0.0	0.0)
	(1.882003	0.0	0.0)
	(1.880111	0.0	0.0)
	(1.877596	0.0	0.0)
	(1.874403	0.0	0.0)
	(1.870478	0.0	0.0)
	(1.865762	0.0	0.0)
	(1.860196	0.0	0.0)
	(1.853719	0.0	0.0)
	(1.846265	0.0	0.0)
	(1.837769	0.0	0.0)
	(1.828163	0.0	0.0)
	(1.817376	0.0	0.0)
	(1.805335	0.0	0.0)
	(1.791965	0.0	0.0)
	(1.777194	0.0	0.0)
	(1.761009	0.0	0.0)
	(1.743507	0.0	0.0)
	(1.724905	0.0	0.0)
	(1.705537	0.0	0.0)
	(1.685855	0.0	0.0)
	(1.666428	0.0	0.0)
	(1.647944	0.0	0.0)
	(1.631208	0.0	0.0)
	(1.617142	0.0	0.0)
	(1.606789	0.0	0.0)
	(1.601305	0.0	0.0)
	(1.601966	0.0	0.0)
	(1.610091	0.0	0.0)
	(1.626185	0.0	0.0)
	(1.649097	0.0	0.0)
	(1.675937	0.0	0.0)
	(1.702078	0.0	0.0)
	(1.721158	0.0	0.0)
	(1.726351	0.0	0.0)
	(1.724371	0.0	0.0)
	(1.749479	0.0	0.0)
	(1.845894	0.0	0.0)
	(1.860284	0.0	0.0)
	(1.325645	0.0	0.0)
	(0.375520	0.0	0.0)
	(0.000000	0.0	0.0)
	(0.000000	0.0	0.0)
	(0.029503	0.0	0.0)
	(0.043251	0.0	0.0)
	(0.018967	0.0	0.0)
	(0.000000	0.0	0.0)
	(0.000000	0.0	0.0)
	(0.000000	0.0	0.0)
	(0.000000	0.0	0.0)
	(0.000000	0.0	0.0)
	(0.000000	0.0	0.0)
	(0.001268	0.0	0.0)
	(0.003920	0.0	0.0)
	(0.005439	0.0	0.0)
	(0.006062	0.0	0.0)
	(0.006005	0.0	0.0)
	(0.005460	0.0	0.0)
	(0.004592	0.0	0.0)
	(0.003543	0.0	0.0)
	(0.002432	0.0	0.0)
	(0.001350	0.0	0.0)
	(0.000366	0.0	0.0)
	(0.000000	0.0	0.0)
	(0.000000	0.0	0.0)
	(0.000000	0.0	0.0)
	(0.000000	0.0	0.0)
	(0.000000	0.0	0.0)
	(0.000000	0.0	0.0)
	(0.000000	0.0	0.0)
	(0.000000	0.0	0.0)
	(0.000000	0.0	0.0)
	(0.000000	0.0	0.0)
	(0.000000	0.0	0.0)
	(0.000000	0.0	0.0)
	(0.000000	0.0	0.0)
	(0.000000	0.0	0.0)
	(0.000000	0.0	0.0)
	(0.000000	0.0	0.0)
	(0.000000	0.0	0.0)
	(0.000169	0.0	0.0)
	(0.000443	0.0	0.0)
	(0.000694	0.0	0.0)
	(0.000915	0.0	0.0)
	(0.001105	0.0	0.0)
	(0.001259	0.0	0.0)
	(0.001375	0.0	0.0)
	(0.001452	0.0	0.0)
	(0.001490	0.0	0.0)
	(0.001487	0.0	0.0)
	(0.001444	0.0	0.0)
	(0.001363	0.0	0.0)
	(0.001246	0.0	0.0)
	(0.001095	0.0	0.0)
	(0.000913	0.0	0.0)
	(0.000706	0.0	0.0)
	(0.000477	0.0	0.0)
	(0.000233	0.0	0.0)
	(0.000000	0.0	0.0)
	(0.000000	0.0	0.0)
	(0.000000	0.0	0.0)
	(0.000000	0.0	0.0)
	(0.000000	0.0	0.0)
	(0.000000	0.0	0.0)
	(0.000000	0.0	0.0)
	(0.000000	0.0	0.0)
	(0.000000	0.0	0.0)
	(0.000000	0.0	0.0)
	(0.000000	0.0	0.0)
	(0.000000	0.0	0.0)
	(0.000000	0.0	0.0)
	(0.000000	0.0	0.0)
	(0.000628	0.0	0.0)
	(0.001467	0.0	0.0)
	(0.002493	0.0	0.0)
	(0.000000	0.0	0.0)
	(0.185118	0.0	0.0)
	(0.330198	0.0	0.0)
	(0.459913	0.0	0.0)
	(0.600848	0.0	0.0)
	(0.765470	0.0	0.0)
	(0.952120	0.0	0.0)
	(1.145023	0.0	0.0)
	(1.315735	0.0	0.0)
	(1.439191	0.0	0.0)
	(1.509740	0.0	0.0)
	(1.541377	0.0	0.0)
	(1.554298	0.0	0.0)
	(1.561436	0.0	0.0)
	(1.567602	0.0	0.0)
	(1.573352	0.0	0.0)
	(1.578867	0.0	0.0)
	(1.584303	0.0	0.0)
	(1.589795	0.0	0.0)
	(1.595451	0.0	0.0)
	(1.601359	0.0	0.0)
	(1.607580	0.0	0.0)
	(1.614153	0.0	0.0)
	(1.621094	0.0	0.0)
	(1.628393	0.0	0.0)
	(1.636019	0.0	0.0)
	(1.643917	0.0	0.0)
	(1.652021	0.0	0.0)
	(1.660271	0.0	0.0)
	(1.668608	0.0	0.0)
	(1.676978	0.0	0.0)
	(1.685332	0.0	0.0)
	(1.693622	0.0	0.0)
	(1.701806	0.0	0.0)
	(1.709847	0.0	0.0)
	(1.717709	0.0	0.0)
	(1.725361	0.0	0.0)
	(1.732778	0.0	0.0)
	(1.739936	0.0	0.0)
	(1.746816	0.0	0.0)
	(1.753404	0.0	0.0)
	(1.759688	0.0	0.0)
	(1.765660	0.0	0.0)
	(1.771319	0.0	0.0)
	(1.776664	0.0	0.0)
	(1.781699	0.0	0.0)
	(1.786434	0.0	0.0)
	(1.790881	0.0	0.0)
	(1.795055	0.0	0.0)
	(1.798977	0.0	0.0)
	(1.802671	0.0	0.0)
	(1.806165	0.0	0.0)
	(1.809487	0.0	0.0)
	(1.812663	0.0	0.0)
	(1.815720	0.0	0.0)
	(1.818677	0.0	0.0)
	(1.821557	0.0	0.0)
	(1.824377	0.0	0.0)
	(1.827152	0.0	0.0)
	(1.829897	0.0	0.0)
	(1.832623	0.0	0.0)
	(1.835339	0.0	0.0)
	(1.838053	0.0	0.0)
	(1.840770	0.0	0.0)
	(1.843492	0.0	0.0)
	(1.846220	0.0	0.0)
	(1.848953	0.0	0.0)
	(1.851688	0.0	0.0)
	(1.854418	0.0	0.0)
	(1.857135	0.0	0.0)
	(1.859831	0.0	0.0)
	(1.862491	0.0	0.0)
	(1.865103	0.0	0.0)
	(1.867649	0.0	0.0)
	(1.870110	0.0	0.0)
	(1.872467	0.0	0.0)
	(1.874695	0.0	0.0)
	(1.876770	0.0	0.0)
	(1.878665	0.0	0.0)
	(1.880349	0.0	0.0)
	(1.881791	0.0	0.0)
	(1.882958	0.0	0.0)
	(1.883813	0.0	0.0)
	(1.884318	0.0	0.0)
	(1.884433	0.0	0.0)
	(1.884116	0.0	0.0)
	(1.883321	0.0	0.0)
	(1.882003	0.0	0.0)
	(1.880111	0.0	0.0)
	(1.877596	0.0	0.0)
	(1.874403	0.0	0.0)
	(1.870478	0.0	0.0)
	(1.865762	0.0	0.0)
	(1.860196	0.0	0.0)
	(1.853719	0.0	0.0)
	(1.846265	0.0	0.0)
	(1.837769	0.0	0.0)
	(1.828163	0.0	0.0)
	(1.817376	0.0	0.0)
	(1.805335	0.0	0.0)
	(1.791965	0.0	0.0)
	(1.777194	0.0	0.0)
	(1.761009	0.0	0.0)
	(1.743507	0.0	0.0)
	(1.724905	0.0	0.0)
	(1.705537	0.0	0.0)
	(1.685855	0.0	0.0)
	(1.666428	0.0	0.0)
	(1.647944	0.0	0.0)
	(1.631208	0.0	0.0)
	(1.617142	0.0	0.0)
	(1.606789	0.0	0.0)
	(1.601305	0.0	0.0)
	(1.601966	0.0	0.0)
	(1.610091	0.0	0.0)
	(1.626185	0.0	0.0)
	(1.649097	0.0	0.0)
	(1.675937	0.0	0.0)
	(1.702078	0.0	0.0)
	(1.721158	0.0	0.0)
	(1.726351	0.0	0.0)
	(1.724371	0.0	0.0)
	(1.749479	0.0	0.0)
	(1.845894	0.0	0.0)
	(1.860284	0.0	0.0)
	(1.325645	0.0	0.0)
	(0.375520	0.0	0.0)
	(0.000000	0.0	0.0)
	(0.000000	0.0	0.0)
	(0.029503	0.0	0.0)
	(0.043251	0.0	0.0)
	(0.018967	0.0	0.0)
	(0.000000	0.0	0.0)
	(0.000000	0.0	0.0)
	(0.000000	0.0	0.0)
	(0.000000	0.0	0.0)
	(0.000000	0.0	0.0)
	(0.000000	0.0	0.0)
	(0.001268	0.0	0.0)
	(0.003920	0.0	0.0)
	(0.005439	0.0	0.0)
	(0.006062	0.0	0.0)
	(0.006005	0.0	0.0)
	(0.005460	0.0	0.0)
	(0.004592	0.0	0.0)
	(0.003543	0.0	0.0)
	(0.002432	0.0	0.0)
	(0.001350	0.0	0.0)
	(0.000366	0.0	0.0)
	(0.000000	0.0	0.0)
	(0.000000	0.0	0.0)
	(0.000000	0.0	0.0)
	(0.000000	0.0	0.0)
	(0.000000	0.0	0.0)
	(0.000000	0.0	0.0)
	(0.000000	0.0	0.0)
	(0.000000	0.0	0.0)
	(0.000000	0.0	0.0)
	(0.000000	0.0	0.0)
	(0.000000	0.0	0.0)
	(0.000000	0.0	0.0)
	(0.000000	0.0	0.0)
	(0.000000	0.0	0.0)
	(0.000000	0.0	0.0)
	(0.000000	0.0	0.0)
	(0.000000	0.0	0.0)
	(0.000169	0.0	0.0)
	(0.000443	0.0	0.0)
	(0.000694	0.0	0.0)
	(0.000915	0.0	0.0)
	(0.001105	0.0	0.0)
	(0.001259	0.0	0.0)
	(0.001375	0.0	0.0)
	(0.001452	0.0	0.0)
	(0.001490	0.0	0.0)
	(0.001487	0.0	0.0)
	(0.001444	0.0	0.0)
	(0.001363	0.0	0.0)
	(0.001246	0.0	0.0)
	(0.001095	0.0	0.0)
	(0.000913	0.0	0.0)
	(0.000706	0.0	0.0)
	(0.000477	0.0	0.0)
	(0.000233	0.0	0.0)
	(0.000000	0.0	0.0)
	(0.000000	0.0	0.0)
	(0.000000	0.0	0.0)
	(0.000000	0.0	0.0)
	(0.000000	0.0	0.0)
	(0.000000	0.0	0.0)
	(0.000000	0.0	0.0)
	(0.000000	0.0	0.0)
	(0.000000	0.0	0.0)
	(0.000000	0.0	0.0)
	(0.000000	0.0	0.0)
	(0.000000	0.0	0.0)
	(0.000000	0.0	0.0)
	(0.000000	0.0	0.0)
	(0.000628	0.0	0.0)
	(0.001467	0.0	0.0)
	(0.002493	0.0	0.0)
	(0.000000	0.0	0.0)
	(0.185118	0.0	0.0)
	(0.330198	0.0	0.0)
	(0.459913	0.0	0.0)
	(0.600848	0.0	0.0)
	(0.765470	0.0	0.0)
	(0.952120	0.0	0.0)
	(1.145023	0.0	0.0)
	(1.315735	0.0	0.0)
	(1.439191	0.0	0.0)
	(1.509740	0.0	0.0)
	(1.541377	0.0	0.0)
	(1.554298	0.0	0.0)
	(1.561436	0.0	0.0)
	(1.567602	0.0	0.0)
	(1.573352	0.0	0.0)
	(1.578867	0.0	0.0)
	(1.584303	0.0	0.0)
	(1.589795	0.0	0.0)
	(1.595451	0.0	0.0)
	(1.601359	0.0	0.0)
	(1.607580	0.0	0.0)
	(1.614153	0.0	0.0)
	(1.621094	0.0	0.0)
	(1.628393	0.0	0.0)
	(1.636019	0.0	0.0)
	(1.643917	0.0	0.0)
	(1.652021	0.0	0.0)
	(1.660271	0.0	0.0)
	(1.668608	0.0	0.0)
	(1.676978	0.0	0.0)
	(1.685332	0.0	0.0)
	(1.693622	0.0	0.0)
	(1.701806	0.0	0.0)
	(1.709847	0.0	0.0)
	(1.717709	0.0	0.0)
	(1.725361	0.0	0.0)
	(1.732778	0.0	0.0)
	(1.739936	0.0	0.0)
	(1.746816	0.0	0.0)
	(1.753404	0.0	0.0)
	(1.759688	0.0	0.0)
	(1.765660	0.0	0.0)
	(1.771319	0.0	0.0)
	(1.776664	0.0	0.0)
	(1.781699	0.0	0.0)
	(1.786434	0.0	0.0)
	(1.790881	0.0	0.0)
	(1.795055	0.0	0.0)
	(1.798977	0.0	0.0)
	(1.802671	0.0	0.0)
	(1.806165	0.0	0.0)
	(1.809487	0.0	0.0)
	(1.812663	0.0	0.0)
	(1.815720	0.0	0.0)
	(1.818677	0.0	0.0)
	(1.821557	0.0	0.0)
	(1.824377	0.0	0.0)
	(1.827152	0.0	0.0)
	(1.829897	0.0	0.0)
	(1.832623	0.0	0.0)
	(1.835339	0.0	0.0)
	(1.838053	0.0	0.0)
	(1.840770	0.0	0.0)
	(1.843492	0.0	0.0)
	(1.846220	0.0	0.0)
	(1.848953	0.0	0.0)
	(1.851688	0.0	0.0)
	(1.854418	0.0	0.0)
	(1.857135	0.0	0.0)
	(1.859831	0.0	0.0)
	(1.862491	0.0	0.0)
	(1.865103	0.0	0.0)
	(1.867649	0.0	0.0)
	(1.870110	0.0	0.0)
	(1.872467	0.0	0.0)
	(1.874695	0.0	0.0)
	(1.876770	0.0	0.0)
	(1.878665	0.0	0.0)
	(1.880349	0.0	0.0)
	(1.881791	0.0	0.0)
	(1.882958	0.0	0.0)
	(1.883813	0.0	0.0)
	(1.884318	0.0	0.0)
	(1.884433	0.0	0.0)
	(1.884116	0.0	0.0)
	(1.883321	0.0	0.0)
	(1.882003	0.0	0.0)
	(1.880111	0.0	0.0)
	(1.877596	0.0	0.0)
	(1.874403	0.0	0.0)
	(1.870478	0.0	0.0)
	(1.865762	0.0	0.0)
	(1.860196	0.0	0.0)
	(1.853719	0.0	0.0)
	(1.846265	0.0	0.0)
	(1.837769	0.0	0.0)
	(1.828163	0.0	0.0)
	(1.817376	0.0	0.0)
	(1.805335	0.0	0.0)
	(1.791965	0.0	0.0)
	(1.777194	0.0	0.0)
	(1.761009	0.0	0.0)
	(1.743507	0.0	0.0)
	(1.724905	0.0	0.0)
	(1.705537	0.0	0.0)
	(1.685855	0.0	0.0)
	(1.666428	0.0	0.0)
	(1.647944	0.0	0.0)
	(1.631208	0.0	0.0)
	(1.617142	0.0	0.0)
	(1.606789	0.0	0.0)
	(1.601305	0.0	0.0)
	(1.601966	0.0	0.0)
	(1.610091	0.0	0.0)
	(1.626185	0.0	0.0)
	(1.649097	0.0	0.0)
	(1.675937	0.0	0.0)
	(1.702078	0.0	0.0)
	(1.721158	0.0	0.0)
	(1.726351	0.0	0.0)
	(1.724371	0.0	0.0)
	(1.749479	0.0	0.0)
	(1.845894	0.0	0.0)
	(1.860284	0.0	0.0)
	(1.325645	0.0	0.0)
	(0.375520	0.0	0.0)
	(0.000000	0.0	0.0)
	(0.000000	0.0	0.0)
	(0.029503	0.0	0.0)
	(0.043251	0.0	0.0)
	(0.018967	0.0	0.0)
	(0.000000	0.0	0.0)
	(0.000000	0.0	0.0)
	(0.000000	0.0	0.0)
	(0.000000	0.0	0.0)
	(0.000000	0.0	0.0)
	(0.000000	0.0	0.0)
	(0.001268	0.0	0.0)
	(0.003920	0.0	0.0)
	(0.005439	0.0	0.0)
	(0.006062	0.0	0.0)
	(0.006005	0.0	0.0)
	(0.005460	0.0	0.0)
	(0.004592	0.0	0.0)
	(0.003543	0.0	0.0)
	(0.002432	0.0	0.0)
	(0.001350	0.0	0.0)
	(0.000366	0.0	0.0)
	(0.000000	0.0	0.0)
	(0.000000	0.0	0.0)
	(0.000000	0.0	0.0)
	(0.000000	0.0	0.0)
	(0.000000	0.0	0.0)
	(0.000000	0.0	0.0)
	(0.000000	0.0	0.0)
	(0.000000	0.0	0.0)
	(0.000000	0.0	0.0)
	(0.000000	0.0	0.0)
	(0.000000	0.0	0.0)
	(0.000000	0.0	0.0)
	(0.000000	0.0	0.0)
	(0.000000	0.0	0.0)
	(0.000000	0.0	0.0)
	(0.000000	0.0	0.0)
	(0.000000	0.0	0.0)
	(0.000169	0.0	0.0)
	(0.000443	0.0	0.0)
	(0.000694	0.0	0.0)
	(0.000915	0.0	0.0)
	(0.001105	0.0	0.0)
	(0.001259	0.0	0.0)
	(0.001375	0.0	0.0)
	(0.001452	0.0	0.0)
	(0.001490	0.0	0.0)
	(0.001487	0.0	0.0)
	(0.001444	0.0	0.0)
	(0.001363	0.0	0.0)
	(0.001246	0.0	0.0)
	(0.001095	0.0	0.0)
	(0.000913	0.0	0.0)
	(0.000706	0.0	0.0)
	(0.000477	0.0	0.0)
	(0.000233	0.0	0.0)
	(0.000000	0.0	0.0)
	(0.000000	0.0	0.0)
	(0.000000	0.0	0.0)
	(0.000000	0.0	0.0)
	(0.000000	0.0	0.0)
	(0.000000	0.0	0.0)
	(0.000000	0.0	0.0)
	(0.000000	0.0	0.0)
	(0.000000	0.0	0.0)
	(0.000000	0.0	0.0)
	(0.000000	0.0	0.0)
	(0.000000	0.0	0.0)
	(0.000000	0.0	0.0)
	(0.000000	0.0	0.0)
	(0.000628	0.0	0.0)
	(0.001467	0.0	0.0)
	(0.002493	0.0	0.0)
	(0.000000	0.0	0.0)
	(0.185118	0.0	0.0)
	(0.330198	0.0	0.0)
	(0.459913	0.0	0.0)
	(0.600848	0.0	0.0)
	(0.765470	0.0	0.0)
	(0.952120	0.0	0.0)
	(1.145023	0.0	0.0)
	(1.315735	0.0	0.0)
	(1.439191	0.0	0.0)
	(1.509740	0.0	0.0)
	(1.541377	0.0	0.0)
	(1.554298	0.0	0.0)
	(1.561436	0.0	0.0)
	(1.567602	0.0	0.0)
	(1.573352	0.0	0.0)
	(1.578867	0.0	0.0)
	(1.584303	0.0	0.0)
	(1.589795	0.0	0.0)
	(1.595451	0.0	0.0)
	(1.601359	0.0	0.0)
	(1.607580	0.0	0.0)
	(1.614153	0.0	0.0)
	(1.621094	0.0	0.0)
	(1.628393	0.0	0.0)
	(1.636019	0.0	0.0)
	(1.643917	0.0	0.0)
	(1.652021	0.0	0.0)
	(1.660271	0.0	0.0)
	(1.668608	0.0	0.0)
	(1.676978	0.0	0.0)
	(1.685332	0.0	0.0)
	(1.693622	0.0	0.0)
	(1.701806	0.0	0.0)
	(1.709847	0.0	0.0)
	(1.717709	0.0	0.0)
	(1.725361	0.0	0.0)
	(1.732778	0.0	0.0)
	(1.739936	0.0	0.0)
	(1.746816	0.0	0.0)
	(1.753404	0.0	0.0)
	(1.759688	0.0	0.0)
	(1.765660	0.0	0.0)
	(1.771319	0.0	0.0)
	(1.776664	0.0	0.0)
	(1.781699	0.0	0.0)
	(1.786434	0.0	0.0)
	(1.790881	0.0	0.0)
	(1.795055	0.0	0.0)
	(1.798977	0.0	0.0)
	(1.802671	0.0	0.0)
	(1.806165	0.0	0.0)
	(1.809487	0.0	0.0)
	(1.812663	0.0	0.0)
	(1.815720	0.0	0.0)
	(1.818677	0.0	0.0)
	(1.821557	0.0	0.0)
	(1.824377	0.0	0.0)
	(1.827152	0.0	0.0)
	(1.829897	0.0	0.0)
	(1.832623	0.0	0.0)
	(1.835339	0.0	0.0)
	(1.838053	0.0	0.0)
	(1.840770	0.0	0.0)
	(1.843492	0.0	0.0)
	(1.846220	0.0	0.0)
	(1.848953	0.0	0.0)
	(1.851688	0.0	0.0)
	(1.854418	0.0	0.0)
	(1.857135	0.0	0.0)
	(1.859831	0.0	0.0)
	(1.862491	0.0	0.0)
	(1.865103	0.0	0.0)
	(1.867649	0.0	0.0)
	(1.870110	0.0	0.0)
	(1.872467	0.0	0.0)
	(1.874695	0.0	0.0)
	(1.876770	0.0	0.0)
	(1.878665	0.0	0.0)
	(1.880349	0.0	0.0)
	(1.881791	0.0	0.0)
	(1.882958	0.0	0.0)
	(1.883813	0.0	0.0)
	(1.884318	0.0	0.0)
	(1.884433	0.0	0.0)
	(1.884116	0.0	0.0)
	(1.883321	0.0	0.0)
	(1.882003	0.0	0.0)
	(1.880111	0.0	0.0)
	(1.877596	0.0	0.0)
	(1.874403	0.0	0.0)
	(1.870478	0.0	0.0)
	(1.865762	0.0	0.0)
	(1.860196	0.0	0.0)
	(1.853719	0.0	0.0)
	(1.846265	0.0	0.0)
	(1.837769	0.0	0.0)
	(1.828163	0.0	0.0)
	(1.817376	0.0	0.0)
	(1.805335	0.0	0.0)
	(1.791965	0.0	0.0)
	(1.777194	0.0	0.0)
	(1.761009	0.0	0.0)
	(1.743507	0.0	0.0)
	(1.724905	0.0	0.0)
	(1.705537	0.0	0.0)
	(1.685855	0.0	0.0)
	(1.666428	0.0	0.0)
	(1.647944	0.0	0.0)
	(1.631208	0.0	0.0)
	(1.617142	0.0	0.0)
	(1.606789	0.0	0.0)
	(1.601305	0.0	0.0)
	(1.601966	0.0	0.0)
	(1.610091	0.0	0.0)
	(1.626185	0.0	0.0)
	(1.649097	0.0	0.0)
	(1.675937	0.0	0.0)
	(1.702078	0.0	0.0)
	(1.721158	0.0	0.0)
	(1.726351	0.0	0.0)
	(1.724371	0.0	0.0)
	(1.749479	0.0	0.0)
	(1.845894	0.0	0.0)
	(1.860284	0.0	0.0)
	(1.325645	0.0	0.0)
	(0.375520	0.0	0.0)
	(0.000000	0.0	0.0)
	(0.000000	0.0	0.0)
	(0.029503	0.0	0.0)
	(0.043251	0.0	0.0)
	(0.018967	0.0	0.0)
	(0.000000	0.0	0.0)
	(0.000000	0.0	0.0)
	(0.000000	0.0	0.0)
	(0.000000	0.0	0.0)
	(0.000000	0.0	0.0)
	(0.000000	0.0	0.0)
	(0.001268	0.0	0.0)
	(0.003920	0.0	0.0)
	(0.005439	0.0	0.0)
	(0.006062	0.0	0.0)
	(0.006005	0.0	0.0)
	(0.005460	0.0	0.0)
	(0.004592	0.0	0.0)
	(0.003543	0.0	0.0)
	(0.002432	0.0	0.0)
	(0.001350	0.0	0.0)
	(0.000366	0.0	0.0)
	(0.000000	0.0	0.0)
	(0.000000	0.0	0.0)
	(0.000000	0.0	0.0)
	(0.000000	0.0	0.0)
	(0.000000	0.0	0.0)
	(0.000000	0.0	0.0)
	(0.000000	0.0	0.0)
	(0.000000	0.0	0.0)
	(0.000000	0.0	0.0)
	(0.000000	0.0	0.0)
	(0.000000	0.0	0.0)
	(0.000000	0.0	0.0)
	(0.000000	0.0	0.0)
	(0.000000	0.0	0.0)
	(0.000000	0.0	0.0)
	(0.000000	0.0	0.0)
	(0.000000	0.0	0.0)
	(0.000169	0.0	0.0)
	(0.000443	0.0	0.0)
	(0.000694	0.0	0.0)
	(0.000915	0.0	0.0)
	(0.001105	0.0	0.0)
	(0.001259	0.0	0.0)
	(0.001375	0.0	0.0)
	(0.001452	0.0	0.0)
	(0.001490	0.0	0.0)
	(0.001487	0.0	0.0)
	(0.001444	0.0	0.0)
	(0.001363	0.0	0.0)
	(0.001246	0.0	0.0)
	(0.001095	0.0	0.0)
	(0.000913	0.0	0.0)
	(0.000706	0.0	0.0)
	(0.000477	0.0	0.0)
	(0.000233	0.0	0.0)
	(0.000000	0.0	0.0)
	(0.000000	0.0	0.0)
	(0.000000	0.0	0.0)
	(0.000000	0.0	0.0)
	(0.000000	0.0	0.0)
	(0.000000	0.0	0.0)
	(0.000000	0.0	0.0)
	(0.000000	0.0	0.0)
	(0.000000	0.0	0.0)
	(0.000000	0.0	0.0)
	(0.000000	0.0	0.0)
	(0.000000	0.0	0.0)
	(0.000000	0.0	0.0)
	(0.000000	0.0	0.0)
	(0.000628	0.0	0.0)
	(0.001467	0.0	0.0)
	(0.002493	0.0	0.0)
	(0.000000	0.0	0.0)
	(0.185118	0.0	0.0)
	(0.330198	0.0	0.0)
	(0.459913	0.0	0.0)
	(0.600848	0.0	0.0)
	(0.765470	0.0	0.0)
	(0.952120	0.0	0.0)
	(1.145023	0.0	0.0)
	(1.315735	0.0	0.0)
	(1.439191	0.0	0.0)
	(1.509740	0.0	0.0)
	(1.541377	0.0	0.0)
	(1.554298	0.0	0.0)
	(1.561436	0.0	0.0)
	(1.567602	0.0	0.0)
	(1.573352	0.0	0.0)
	(1.578867	0.0	0.0)
	(1.584303	0.0	0.0)
	(1.589795	0.0	0.0)
	(1.595451	0.0	0.0)
	(1.601359	0.0	0.0)
	(1.607580	0.0	0.0)
	(1.614153	0.0	0.0)
	(1.621094	0.0	0.0)
	(1.628393	0.0	0.0)
	(1.636019	0.0	0.0)
	(1.643917	0.0	0.0)
	(1.652021	0.0	0.0)
	(1.660271	0.0	0.0)
	(1.668608	0.0	0.0)
	(1.676978	0.0	0.0)
	(1.685332	0.0	0.0)
	(1.693622	0.0	0.0)
	(1.701806	0.0	0.0)
	(1.709847	0.0	0.0)
	(1.717709	0.0	0.0)
	(1.725361	0.0	0.0)
	(1.732778	0.0	0.0)
	(1.739936	0.0	0.0)
	(1.746816	0.0	0.0)
	(1.753404	0.0	0.0)
	(1.759688	0.0	0.0)
	(1.765660	0.0	0.0)
	(1.771319	0.0	0.0)
	(1.776664	0.0	0.0)
	(1.781699	0.0	0.0)
	(1.786434	0.0	0.0)
	(1.790881	0.0	0.0)
	(1.795055	0.0	0.0)
	(1.798977	0.0	0.0)
	(1.802671	0.0	0.0)
	(1.806165	0.0	0.0)
	(1.809487	0.0	0.0)
	(1.812663	0.0	0.0)
	(1.815720	0.0	0.0)
	(1.818677	0.0	0.0)
	(1.821557	0.0	0.0)
	(1.824377	0.0	0.0)
	(1.827152	0.0	0.0)
	(1.829897	0.0	0.0)
	(1.832623	0.0	0.0)
	(1.835339	0.0	0.0)
	(1.838053	0.0	0.0)
	(1.840770	0.0	0.0)
	(1.843492	0.0	0.0)
	(1.846220	0.0	0.0)
	(1.848953	0.0	0.0)
	(1.851688	0.0	0.0)
	(1.854418	0.0	0.0)
	(1.857135	0.0	0.0)
	(1.859831	0.0	0.0)
	(1.862491	0.0	0.0)
	(1.865103	0.0	0.0)
	(1.867649	0.0	0.0)
	(1.870110	0.0	0.0)
	(1.872467	0.0	0.0)
	(1.874695	0.0	0.0)
	(1.876770	0.0	0.0)
	(1.878665	0.0	0.0)
	(1.880349	0.0	0.0)
	(1.881791	0.0	0.0)
	(1.882958	0.0	0.0)
	(1.883813	0.0	0.0)
	(1.884318	0.0	0.0)
	(1.884433	0.0	0.0)
	(1.884116	0.0	0.0)
	(1.883321	0.0	0.0)
	(1.882003	0.0	0.0)
	(1.880111	0.0	0.0)
	(1.877596	0.0	0.0)
	(1.874403	0.0	0.0)
	(1.870478	0.0	0.0)
	(1.865762	0.0	0.0)
	(1.860196	0.0	0.0)
	(1.853719	0.0	0.0)
	(1.846265	0.0	0.0)
	(1.837769	0.0	0.0)
	(1.828163	0.0	0.0)
	(1.817376	0.0	0.0)
	(1.805335	0.0	0.0)
	(1.791965	0.0	0.0)
	(1.777194	0.0	0.0)
	(1.761009	0.0	0.0)
	(1.743507	0.0	0.0)
	(1.724905	0.0	0.0)
	(1.705537	0.0	0.0)
	(1.685855	0.0	0.0)
	(1.666428	0.0	0.0)
	(1.647944	0.0	0.0)
	(1.631208	0.0	0.0)
	(1.617142	0.0	0.0)
	(1.606789	0.0	0.0)
	(1.601305	0.0	0.0)
	(1.601966	0.0	0.0)
	(1.610091	0.0	0.0)
	(1.626185	0.0	0.0)
	(1.649097	0.0	0.0)
	(1.675937	0.0	0.0)
	(1.702078	0.0	0.0)
	(1.721158	0.0	0.0)
	(1.726351	0.0	0.0)
	(1.724371	0.0	0.0)
	(1.749479	0.0	0.0)
	(1.845894	0.0	0.0)
	(1.860284	0.0	0.0)
	(1.325645	0.0	0.0)
	(0.375520	0.0	0.0)
	(0.000000	0.0	0.0)
	(0.000000	0.0	0.0)
	(0.029503	0.0	0.0)
	(0.043251	0.0	0.0)
	(0.018967	0.0	0.0)
	(0.000000	0.0	0.0)
	(0.000000	0.0	0.0)
	(0.000000	0.0	0.0)
	(0.000000	0.0	0.0)
	(0.000000	0.0	0.0)
	(0.000000	0.0	0.0)
	(0.001268	0.0	0.0)
	(0.003920	0.0	0.0)
	(0.005439	0.0	0.0)
	(0.006062	0.0	0.0)
	(0.006005	0.0	0.0)
	(0.005460	0.0	0.0)
	(0.004592	0.0	0.0)
	(0.003543	0.0	0.0)
	(0.002432	0.0	0.0)
	(0.001350	0.0	0.0)
	(0.000366	0.0	0.0)
	(0.000000	0.0	0.0)
	(0.000000	0.0	0.0)
	(0.000000	0.0	0.0)
	(0.000000	0.0	0.0)
	(0.000000	0.0	0.0)
	(0.000000	0.0	0.0)
	(0.000000	0.0	0.0)
	(0.000000	0.0	0.0)
	(0.000000	0.0	0.0)
	(0.000000	0.0	0.0)
	(0.000000	0.0	0.0)
	(0.000000	0.0	0.0)
	(0.000000	0.0	0.0)
	(0.000000	0.0	0.0)
	(0.000000	0.0	0.0)
	(0.000000	0.0	0.0)
	(0.000000	0.0	0.0)
	(0.000169	0.0	0.0)
	(0.000443	0.0	0.0)
	(0.000694	0.0	0.0)
	(0.000915	0.0	0.0)
	(0.001105	0.0	0.0)
	(0.001259	0.0	0.0)
	(0.001375	0.0	0.0)
	(0.001452	0.0	0.0)
	(0.001490	0.0	0.0)
	(0.001487	0.0	0.0)
	(0.001444	0.0	0.0)
	(0.001363	0.0	0.0)
	(0.001246	0.0	0.0)
	(0.001095	0.0	0.0)
	(0.000913	0.0	0.0)
	(0.000706	0.0	0.0)
	(0.000477	0.0	0.0)
	(0.000233	0.0	0.0)
	(0.000000	0.0	0.0)
	(0.000000	0.0	0.0)
	(0.000000	0.0	0.0)
	(0.000000	0.0	0.0)
	(0.000000	0.0	0.0)
	(0.000000	0.0	0.0)
	(0.000000	0.0	0.0)
	(0.000000	0.0	0.0)
	(0.000000	0.0	0.0)
	(0.000000	0.0	0.0)
	(0.000000	0.0	0.0)
	(0.000000	0.0	0.0)
	(0.000000	0.0	0.0)
	(0.000000	0.0	0.0)
	(0.000628	0.0	0.0)
	(0.001467	0.0	0.0)
	(0.002493	0.0	0.0)
	(0.000000	0.0	0.0)
	(0.185118	0.0	0.0)
	(0.330198	0.0	0.0)
	(0.459913	0.0	0.0)
	(0.600848	0.0	0.0)
	(0.765470	0.0	0.0)
	(0.952120	0.0	0.0)
	(1.145023	0.0	0.0)
	(1.315735	0.0	0.0)
	(1.439191	0.0	0.0)
	(1.509740	0.0	0.0)
	(1.541377	0.0	0.0)
	(1.554298	0.0	0.0)
	(1.561436	0.0	0.0)
	(1.567602	0.0	0.0)
	(1.573352	0.0	0.0)
	(1.578867	0.0	0.0)
	(1.584303	0.0	0.0)
	(1.589795	0.0	0.0)
	(1.595451	0.0	0.0)
	(1.601359	0.0	0.0)
	(1.607580	0.0	0.0)
	(1.614153	0.0	0.0)
	(1.621094	0.0	0.0)
	(1.628393	0.0	0.0)
	(1.636019	0.0	0.0)
	(1.643917	0.0	0.0)
	(1.652021	0.0	0.0)
	(1.660271	0.0	0.0)
	(1.668608	0.0	0.0)
	(1.676978	0.0	0.0)
	(1.685332	0.0	0.0)
	(1.693622	0.0	0.0)
	(1.701806	0.0	0.0)
	(1.709847	0.0	0.0)
	(1.717709	0.0	0.0)
	(1.725361	0.0	0.0)
	(1.732778	0.0	0.0)
	(1.739936	0.0	0.0)
	(1.746816	0.0	0.0)
	(1.753404	0.0	0.0)
	(1.759688	0.0	0.0)
	(1.765660	0.0	0.0)
	(1.771319	0.0	0.0)
	(1.776664	0.0	0.0)
	(1.781699	0.0	0.0)
	(1.786434	0.0	0.0)
	(1.790881	0.0	0.0)
	(1.795055	0.0	0.0)
	(1.798977	0.0	0.0)
	(1.802671	0.0	0.0)
	(1.806165	0.0	0.0)
	(1.809487	0.0	0.0)
	(1.812663	0.0	0.0)
	(1.815720	0.0	0.0)
	(1.818677	0.0	0.0)
	(1.821557	0.0	0.0)
	(1.824377	0.0	0.0)
	(1.827152	0.0	0.0)
	(1.829897	0.0	0.0)
	(1.832623	0.0	0.0)
	(1.835339	0.0	0.0)
	(1.838053	0.0	0.0)
	(1.840770	0.0	0.0)
	(1.843492	0.0	0.0)
	(1.846220	0.0	0.0)
	(1.848953	0.0	0.0)
	(1.851688	0.0	0.0)
	(1.854418	0.0	0.0)
	(1.857135	0.0	0.0)
	(1.859831	0.0	0.0)
	(1.862491	0.0	0.0)
	(1.865103	0.0	0.0)
	(1.867649	0.0	0.0)
	(1.870110	0.0	0.0)
	(1.872467	0.0	0.0)
	(1.874695	0.0	0.0)
	(1.876770	0.0	0.0)
	(1.878665	0.0	0.0)
	(1.880349	0.0	0.0)
	(1.881791	0.0	0.0)
	(1.882958	0.0	0.0)
	(1.883813	0.0	0.0)
	(1.884318	0.0	0.0)
	(1.884433	0.0	0.0)
	(1.884116	0.0	0.0)
	(1.883321	0.0	0.0)
	(1.882003	0.0	0.0)
	(1.880111	0.0	0.0)
	(1.877596	0.0	0.0)
	(1.874403	0.0	0.0)
	(1.870478	0.0	0.0)
	(1.865762	0.0	0.0)
	(1.860196	0.0	0.0)
	(1.853719	0.0	0.0)
	(1.846265	0.0	0.0)
	(1.837769	0.0	0.0)
	(1.828163	0.0	0.0)
	(1.817376	0.0	0.0)
	(1.805335	0.0	0.0)
	(1.791965	0.0	0.0)
	(1.777194	0.0	0.0)
	(1.761009	0.0	0.0)
	(1.743507	0.0	0.0)
	(1.724905	0.0	0.0)
	(1.705537	0.0	0.0)
	(1.685855	0.0	0.0)
	(1.666428	0.0	0.0)
	(1.647944	0.0	0.0)
	(1.631208	0.0	0.0)
	(1.617142	0.0	0.0)
	(1.606789	0.0	0.0)
	(1.601305	0.0	0.0)
	(1.601966	0.0	0.0)
	(1.610091	0.0	0.0)
	(1.626185	0.0	0.0)
	(1.649097	0.0	0.0)
	(1.675937	0.0	0.0)
	(1.702078	0.0	0.0)
	(1.721158	0.0	0.0)
	(1.726351	0.0	0.0)
	(1.724371	0.0	0.0)
	(1.749479	0.0	0.0)
	(1.845894	0.0	0.0)
	(1.860284	0.0	0.0)
	(1.325645	0.0	0.0)
	(0.375520	0.0	0.0)
	(0.000000	0.0	0.0)
	(0.000000	0.0	0.0)
	(0.029503	0.0	0.0)
	(0.043251	0.0	0.0)
	(0.018967	0.0	0.0)
	(0.000000	0.0	0.0)
	(0.000000	0.0	0.0)
	(0.000000	0.0	0.0)
	(0.000000	0.0	0.0)
	(0.000000	0.0	0.0)
	(0.000000	0.0	0.0)
	(0.001268	0.0	0.0)
	(0.003920	0.0	0.0)
	(0.005439	0.0	0.0)
	(0.006062	0.0	0.0)
	(0.006005	0.0	0.0)
	(0.005460	0.0	0.0)
	(0.004592	0.0	0.0)
	(0.003543	0.0	0.0)
	(0.002432	0.0	0.0)
	(0.001350	0.0	0.0)
	(0.000366	0.0	0.0)
	(0.000000	0.0	0.0)
	(0.000000	0.0	0.0)
	(0.000000	0.0	0.0)
	(0.000000	0.0	0.0)
	(0.000000	0.0	0.0)
	(0.000000	0.0	0.0)
	(0.000000	0.0	0.0)
	(0.000000	0.0	0.0)
	(0.000000	0.0	0.0)
	(0.000000	0.0	0.0)
	(0.000000	0.0	0.0)
	(0.000000	0.0	0.0)
	(0.000000	0.0	0.0)
	(0.000000	0.0	0.0)
	(0.000000	0.0	0.0)
	(0.000000	0.0	0.0)
	(0.000000	0.0	0.0)
	(0.000169	0.0	0.0)
	(0.000443	0.0	0.0)
	(0.000694	0.0	0.0)
	(0.000915	0.0	0.0)
	(0.001105	0.0	0.0)
	(0.001259	0.0	0.0)
	(0.001375	0.0	0.0)
	(0.001452	0.0	0.0)
	(0.001490	0.0	0.0)
	(0.001487	0.0	0.0)
	(0.001444	0.0	0.0)
	(0.001363	0.0	0.0)
	(0.001246	0.0	0.0)
	(0.001095	0.0	0.0)
	(0.000913	0.0	0.0)
	(0.000706	0.0	0.0)
	(0.000477	0.0	0.0)
	(0.000233	0.0	0.0)
	(0.000000	0.0	0.0)
	(0.000000	0.0	0.0)
	(0.000000	0.0	0.0)
	(0.000000	0.0	0.0)
	(0.000000	0.0	0.0)
	(0.000000	0.0	0.0)
	(0.000000	0.0	0.0)
	(0.000000	0.0	0.0)
	(0.000000	0.0	0.0)
	(0.000000	0.0	0.0)
	(0.000000	0.0	0.0)
	(0.000000	0.0	0.0)
	(0.000000	0.0	0.0)
	(0.000000	0.0	0.0)
	(0.000628	0.0	0.0)
	(0.001467	0.0	0.0)
	(0.002493	0.0	0.0)
	(0.000000	0.0	0.0)
	(0.185118	0.0	0.0)
	(0.330198	0.0	0.0)
	(0.459913	0.0	0.0)
	(0.600848	0.0	0.0)
	(0.765470	0.0	0.0)
	(0.952120	0.0	0.0)
	(1.145023	0.0	0.0)
	(1.315735	0.0	0.0)
	(1.439191	0.0	0.0)
	(1.509740	0.0	0.0)
	(1.541377	0.0	0.0)
	(1.554298	0.0	0.0)
	(1.561436	0.0	0.0)
	(1.567602	0.0	0.0)
	(1.573352	0.0	0.0)
	(1.578867	0.0	0.0)
	(1.584303	0.0	0.0)
	(1.589795	0.0	0.0)
	(1.595451	0.0	0.0)
	(1.601359	0.0	0.0)
	(1.607580	0.0	0.0)
	(1.614153	0.0	0.0)
	(1.621094	0.0	0.0)
	(1.628393	0.0	0.0)
	(1.636019	0.0	0.0)
	(1.643917	0.0	0.0)
	(1.652021	0.0	0.0)
	(1.660271	0.0	0.0)
	(1.668608	0.0	0.0)
	(1.676978	0.0	0.0)
	(1.685332	0.0	0.0)
	(1.693622	0.0	0.0)
	(1.701806	0.0	0.0)
	(1.709847	0.0	0.0)
	(1.717709	0.0	0.0)
	(1.725361	0.0	0.0)
	(1.732778	0.0	0.0)
	(1.739936	0.0	0.0)
	(1.746816	0.0	0.0)
	(1.753404	0.0	0.0)
	(1.759688	0.0	0.0)
	(1.765660	0.0	0.0)
	(1.771319	0.0	0.0)
	(1.776664	0.0	0.0)
	(1.781699	0.0	0.0)
	(1.786434	0.0	0.0)
	(1.790881	0.0	0.0)
	(1.795055	0.0	0.0)
	(1.798977	0.0	0.0)
	(1.802671	0.0	0.0)
	(1.806165	0.0	0.0)
	(1.809487	0.0	0.0)
	(1.812663	0.0	0.0)
	(1.815720	0.0	0.0)
	(1.818677	0.0	0.0)
	(1.821557	0.0	0.0)
	(1.824377	0.0	0.0)
	(1.827152	0.0	0.0)
	(1.829897	0.0	0.0)
	(1.832623	0.0	0.0)
	(1.835339	0.0	0.0)
	(1.838053	0.0	0.0)
	(1.840770	0.0	0.0)
	(1.843492	0.0	0.0)
	(1.846220	0.0	0.0)
	(1.848953	0.0	0.0)
	(1.851688	0.0	0.0)
	(1.854418	0.0	0.0)
	(1.857135	0.0	0.0)
	(1.859831	0.0	0.0)
	(1.862491	0.0	0.0)
	(1.865103	0.0	0.0)
	(1.867649	0.0	0.0)
	(1.870110	0.0	0.0)
	(1.872467	0.0	0.0)
	(1.874695	0.0	0.0)
	(1.876770	0.0	0.0)
	(1.878665	0.0	0.0)
	(1.880349	0.0	0.0)
	(1.881791	0.0	0.0)
	(1.882958	0.0	0.0)
	(1.883813	0.0	0.0)
	(1.884318	0.0	0.0)
	(1.884433	0.0	0.0)
	(1.884116	0.0	0.0)
	(1.883321	0.0	0.0)
	(1.882003	0.0	0.0)
	(1.880111	0.0	0.0)
	(1.877596	0.0	0.0)
	(1.874403	0.0	0.0)
	(1.870478	0.0	0.0)
	(1.865762	0.0	0.0)
	(1.860196	0.0	0.0)
	(1.853719	0.0	0.0)
	(1.846265	0.0	0.0)
	(1.837769	0.0	0.0)
	(1.828163	0.0	0.0)
	(1.817376	0.0	0.0)
	(1.805335	0.0	0.0)
	(1.791965	0.0	0.0)
	(1.777194	0.0	0.0)
	(1.761009	0.0	0.0)
	(1.743507	0.0	0.0)
	(1.724905	0.0	0.0)
	(1.705537	0.0	0.0)
	(1.685855	0.0	0.0)
	(1.666428	0.0	0.0)
	(1.647944	0.0	0.0)
	(1.631208	0.0	0.0)
	(1.617142	0.0	0.0)
	(1.606789	0.0	0.0)
	(1.601305	0.0	0.0)
	(1.601966	0.0	0.0)
	(1.610091	0.0	0.0)
	(1.626185	0.0	0.0)
	(1.649097	0.0	0.0)
	(1.675937	0.0	0.0)
	(1.702078	0.0	0.0)
	(1.721158	0.0	0.0)
	(1.726351	0.0	0.0)
	(1.724371	0.0	0.0)
	(1.749479	0.0	0.0)
	(1.845894	0.0	0.0)
	(1.860284	0.0	0.0)
	(1.325645	0.0	0.0)
	(0.375520	0.0	0.0)
	(0.000000	0.0	0.0)
	(0.000000	0.0	0.0)
	(0.029503	0.0	0.0)
	(0.043251	0.0	0.0)
	(0.018967	0.0	0.0)
	(0.000000	0.0	0.0)
	(0.000000	0.0	0.0)
	(0.000000	0.0	0.0)
	(0.000000	0.0	0.0)
	(0.000000	0.0	0.0)
	(0.000000	0.0	0.0)
	(0.001268	0.0	0.0)
	(0.003920	0.0	0.0)
	(0.005439	0.0	0.0)
	(0.006062	0.0	0.0)
	(0.006005	0.0	0.0)
	(0.005460	0.0	0.0)
	(0.004592	0.0	0.0)
	(0.003543	0.0	0.0)
	(0.002432	0.0	0.0)
	(0.001350	0.0	0.0)
	(0.000366	0.0	0.0)
	(0.000000	0.0	0.0)
	(0.000000	0.0	0.0)
	(0.000000	0.0	0.0)
	(0.000000	0.0	0.0)
	(0.000000	0.0	0.0)
	(0.000000	0.0	0.0)
	(0.000000	0.0	0.0)
	(0.000000	0.0	0.0)
	(0.000000	0.0	0.0)
	(0.000000	0.0	0.0)
	(0.000000	0.0	0.0)
	(0.000000	0.0	0.0)
	(0.000000	0.0	0.0)
	(0.000000	0.0	0.0)
	(0.000000	0.0	0.0)
	(0.000000	0.0	0.0)
	(0.000000	0.0	0.0)
	(0.000169	0.0	0.0)
	(0.000443	0.0	0.0)
	(0.000694	0.0	0.0)
	(0.000915	0.0	0.0)
	(0.001105	0.0	0.0)
	(0.001259	0.0	0.0)
	(0.001375	0.0	0.0)
	(0.001452	0.0	0.0)
	(0.001490	0.0	0.0)
	(0.001487	0.0	0.0)
	(0.001444	0.0	0.0)
	(0.001363	0.0	0.0)
	(0.001246	0.0	0.0)
	(0.001095	0.0	0.0)
	(0.000913	0.0	0.0)
	(0.000706	0.0	0.0)
	(0.000477	0.0	0.0)
	(0.000233	0.0	0.0)
	(0.000000	0.0	0.0)
	(0.000000	0.0	0.0)
	(0.000000	0.0	0.0)
	(0.000000	0.0	0.0)
	(0.000000	0.0	0.0)
	(0.000000	0.0	0.0)
	(0.000000	0.0	0.0)
	(0.000000	0.0	0.0)
	(0.000000	0.0	0.0)
	(0.000000	0.0	0.0)
	(0.000000	0.0	0.0)
	(0.000000	0.0	0.0)
	(0.000000	0.0	0.0)
	(0.000000	0.0	0.0)
	(0.000628	0.0	0.0)
	(0.001467	0.0	0.0)
	(0.002493	0.0	0.0)
	(0.000000	0.0	0.0)
	(0.185118	0.0	0.0)
	(0.330198	0.0	0.0)
	(0.459913	0.0	0.0)
	(0.600848	0.0	0.0)
	(0.765470	0.0	0.0)
	(0.952120	0.0	0.0)
	(1.145023	0.0	0.0)
	(1.315735	0.0	0.0)
	(1.439191	0.0	0.0)
	(1.509740	0.0	0.0)
	(1.541377	0.0	0.0)
	(1.554298	0.0	0.0)
	(1.561436	0.0	0.0)
	(1.567602	0.0	0.0)
	(1.573352	0.0	0.0)
	(1.578867	0.0	0.0)
	(1.584303	0.0	0.0)
	(1.589795	0.0	0.0)
	(1.595451	0.0	0.0)
	(1.601359	0.0	0.0)
	(1.607580	0.0	0.0)
	(1.614153	0.0	0.0)
	(1.621094	0.0	0.0)
	(1.628393	0.0	0.0)
	(1.636019	0.0	0.0)
	(1.643917	0.0	0.0)
	(1.652021	0.0	0.0)
	(1.660271	0.0	0.0)
	(1.668608	0.0	0.0)
	(1.676978	0.0	0.0)
	(1.685332	0.0	0.0)
	(1.693622	0.0	0.0)
	(1.701806	0.0	0.0)
	(1.709847	0.0	0.0)
	(1.717709	0.0	0.0)
	(1.725361	0.0	0.0)
	(1.732778	0.0	0.0)
	(1.739936	0.0	0.0)
	(1.746816	0.0	0.0)
	(1.753404	0.0	0.0)
	(1.759688	0.0	0.0)
	(1.765660	0.0	0.0)
	(1.771319	0.0	0.0)
	(1.776664	0.0	0.0)
	(1.781699	0.0	0.0)
	(1.786434	0.0	0.0)
	(1.790881	0.0	0.0)
	(1.795055	0.0	0.0)
	(1.798977	0.0	0.0)
	(1.802671	0.0	0.0)
	(1.806165	0.0	0.0)
	(1.809487	0.0	0.0)
	(1.812663	0.0	0.0)
	(1.815720	0.0	0.0)
	(1.818677	0.0	0.0)
	(1.821557	0.0	0.0)
	(1.824377	0.0	0.0)
	(1.827152	0.0	0.0)
	(1.829897	0.0	0.0)
	(1.832623	0.0	0.0)
	(1.835339	0.0	0.0)
	(1.838053	0.0	0.0)
	(1.840770	0.0	0.0)
	(1.843492	0.0	0.0)
	(1.846220	0.0	0.0)
	(1.848953	0.0	0.0)
	(1.851688	0.0	0.0)
	(1.854418	0.0	0.0)
	(1.857135	0.0	0.0)
	(1.859831	0.0	0.0)
	(1.862491	0.0	0.0)
	(1.865103	0.0	0.0)
	(1.867649	0.0	0.0)
	(1.870110	0.0	0.0)
	(1.872467	0.0	0.0)
	(1.874695	0.0	0.0)
	(1.876770	0.0	0.0)
	(1.878665	0.0	0.0)
	(1.880349	0.0	0.0)
	(1.881791	0.0	0.0)
	(1.882958	0.0	0.0)
	(1.883813	0.0	0.0)
	(1.884318	0.0	0.0)
	(1.884433	0.0	0.0)
	(1.884116	0.0	0.0)
	(1.883321	0.0	0.0)
	(1.882003	0.0	0.0)
	(1.880111	0.0	0.0)
	(1.877596	0.0	0.0)
	(1.874403	0.0	0.0)
	(1.870478	0.0	0.0)
	(1.865762	0.0	0.0)
	(1.860196	0.0	0.0)
	(1.853719	0.0	0.0)
	(1.846265	0.0	0.0)
	(1.837769	0.0	0.0)
	(1.828163	0.0	0.0)
	(1.817376	0.0	0.0)
	(1.805335	0.0	0.0)
	(1.791965	0.0	0.0)
	(1.777194	0.0	0.0)
	(1.761009	0.0	0.0)
	(1.743507	0.0	0.0)
	(1.724905	0.0	0.0)
	(1.705537	0.0	0.0)
	(1.685855	0.0	0.0)
	(1.666428	0.0	0.0)
	(1.647944	0.0	0.0)
	(1.631208	0.0	0.0)
	(1.617142	0.0	0.0)
	(1.606789	0.0	0.0)
	(1.601305	0.0	0.0)
	(1.601966	0.0	0.0)
	(1.610091	0.0	0.0)
	(1.626185	0.0	0.0)
	(1.649097	0.0	0.0)
	(1.675937	0.0	0.0)
	(1.702078	0.0	0.0)
	(1.721158	0.0	0.0)
	(1.726351	0.0	0.0)
	(1.724371	0.0	0.0)
	(1.749479	0.0	0.0)
	(1.845894	0.0	0.0)
	(1.860284	0.0	0.0)
	(1.325645	0.0	0.0)
	(0.375520	0.0	0.0)
	(0.000000	0.0	0.0)
	(0.000000	0.0	0.0)
	(0.029503	0.0	0.0)
	(0.043251	0.0	0.0)
	(0.018967	0.0	0.0)
	(0.000000	0.0	0.0)
	(0.000000	0.0	0.0)
	(0.000000	0.0	0.0)
	(0.000000	0.0	0.0)
	(0.000000	0.0	0.0)
	(0.000000	0.0	0.0)
	(0.001268	0.0	0.0)
	(0.003920	0.0	0.0)
	(0.005439	0.0	0.0)
	(0.006062	0.0	0.0)
	(0.006005	0.0	0.0)
	(0.005460	0.0	0.0)
	(0.004592	0.0	0.0)
	(0.003543	0.0	0.0)
	(0.002432	0.0	0.0)
	(0.001350	0.0	0.0)
	(0.000366	0.0	0.0)
	(0.000000	0.0	0.0)
	(0.000000	0.0	0.0)
	(0.000000	0.0	0.0)
	(0.000000	0.0	0.0)
	(0.000000	0.0	0.0)
	(0.000000	0.0	0.0)
	(0.000000	0.0	0.0)
	(0.000000	0.0	0.0)
	(0.000000	0.0	0.0)
	(0.000000	0.0	0.0)
	(0.000000	0.0	0.0)
	(0.000000	0.0	0.0)
	(0.000000	0.0	0.0)
	(0.000000	0.0	0.0)
	(0.000000	0.0	0.0)
	(0.000000	0.0	0.0)
	(0.000000	0.0	0.0)
	(0.000169	0.0	0.0)
	(0.000443	0.0	0.0)
	(0.000694	0.0	0.0)
	(0.000915	0.0	0.0)
	(0.001105	0.0	0.0)
	(0.001259	0.0	0.0)
	(0.001375	0.0	0.0)
	(0.001452	0.0	0.0)
	(0.001490	0.0	0.0)
	(0.001487	0.0	0.0)
	(0.001444	0.0	0.0)
	(0.001363	0.0	0.0)
	(0.001246	0.0	0.0)
	(0.001095	0.0	0.0)
	(0.000913	0.0	0.0)
	(0.000706	0.0	0.0)
	(0.000477	0.0	0.0)
	(0.000233	0.0	0.0)
	(0.000000	0.0	0.0)
	(0.000000	0.0	0.0)
	(0.000000	0.0	0.0)
	(0.000000	0.0	0.0)
	(0.000000	0.0	0.0)
	(0.000000	0.0	0.0)
	(0.000000	0.0	0.0)
	(0.000000	0.0	0.0)
	(0.000000	0.0	0.0)
	(0.000000	0.0	0.0)
	(0.000000	0.0	0.0)
	(0.000000	0.0	0.0)
	(0.000000	0.0	0.0)
	(0.000000	0.0	0.0)
	(0.000628	0.0	0.0)
	(0.001467	0.0	0.0)
	(0.002493	0.0	0.0)
	(0.000000	0.0	0.0)
	(0.185118	0.0	0.0)
	(0.330198	0.0	0.0)
	(0.459913	0.0	0.0)
	(0.600848	0.0	0.0)
	(0.765470	0.0	0.0)
	(0.952120	0.0	0.0)
	(1.145023	0.0	0.0)
	(1.315735	0.0	0.0)
	(1.439191	0.0	0.0)
	(1.509740	0.0	0.0)
	(1.541377	0.0	0.0)
	(1.554298	0.0	0.0)
	(1.561436	0.0	0.0)
	(1.567602	0.0	0.0)
	(1.573352	0.0	0.0)
	(1.578867	0.0	0.0)
	(1.584303	0.0	0.0)
	(1.589795	0.0	0.0)
	(1.595451	0.0	0.0)
	(1.601359	0.0	0.0)
	(1.607580	0.0	0.0)
	(1.614153	0.0	0.0)
	(1.621094	0.0	0.0)
	(1.628393	0.0	0.0)
	(1.636019	0.0	0.0)
	(1.643917	0.0	0.0)
	(1.652021	0.0	0.0)
	(1.660271	0.0	0.0)
	(1.668608	0.0	0.0)
	(1.676978	0.0	0.0)
	(1.685332	0.0	0.0)
	(1.693622	0.0	0.0)
	(1.701806	0.0	0.0)
	(1.709847	0.0	0.0)
	(1.717709	0.0	0.0)
	(1.725361	0.0	0.0)
	(1.732778	0.0	0.0)
	(1.739936	0.0	0.0)
	(1.746816	0.0	0.0)
	(1.753404	0.0	0.0)
	(1.759688	0.0	0.0)
	(1.765660	0.0	0.0)
	(1.771319	0.0	0.0)
	(1.776664	0.0	0.0)
	(1.781699	0.0	0.0)
	(1.786434	0.0	0.0)
	(1.790881	0.0	0.0)
	(1.795055	0.0	0.0)
	(1.798977	0.0	0.0)
	(1.802671	0.0	0.0)
	(1.806165	0.0	0.0)
	(1.809487	0.0	0.0)
	(1.812663	0.0	0.0)
	(1.815720	0.0	0.0)
	(1.818677	0.0	0.0)
	(1.821557	0.0	0.0)
	(1.824377	0.0	0.0)
	(1.827152	0.0	0.0)
	(1.829897	0.0	0.0)
	(1.832623	0.0	0.0)
	(1.835339	0.0	0.0)
	(1.838053	0.0	0.0)
	(1.840770	0.0	0.0)
	(1.843492	0.0	0.0)
	(1.846220	0.0	0.0)
	(1.848953	0.0	0.0)
	(1.851688	0.0	0.0)
	(1.854418	0.0	0.0)
	(1.857135	0.0	0.0)
	(1.859831	0.0	0.0)
	(1.862491	0.0	0.0)
	(1.865103	0.0	0.0)
	(1.867649	0.0	0.0)
	(1.870110	0.0	0.0)
	(1.872467	0.0	0.0)
	(1.874695	0.0	0.0)
	(1.876770	0.0	0.0)
	(1.878665	0.0	0.0)
	(1.880349	0.0	0.0)
	(1.881791	0.0	0.0)
	(1.882958	0.0	0.0)
	(1.883813	0.0	0.0)
	(1.884318	0.0	0.0)
	(1.884433	0.0	0.0)
	(1.884116	0.0	0.0)
	(1.883321	0.0	0.0)
	(1.882003	0.0	0.0)
	(1.880111	0.0	0.0)
	(1.877596	0.0	0.0)
	(1.874403	0.0	0.0)
	(1.870478	0.0	0.0)
	(1.865762	0.0	0.0)
	(1.860196	0.0	0.0)
	(1.853719	0.0	0.0)
	(1.846265	0.0	0.0)
	(1.837769	0.0	0.0)
	(1.828163	0.0	0.0)
	(1.817376	0.0	0.0)
	(1.805335	0.0	0.0)
	(1.791965	0.0	0.0)
	(1.777194	0.0	0.0)
	(1.761009	0.0	0.0)
	(1.743507	0.0	0.0)
	(1.724905	0.0	0.0)
	(1.705537	0.0	0.0)
	(1.685855	0.0	0.0)
	(1.666428	0.0	0.0)
	(1.647944	0.0	0.0)
	(1.631208	0.0	0.0)
	(1.617142	0.0	0.0)
	(1.606789	0.0	0.0)
	(1.601305	0.0	0.0)
	(1.601966	0.0	0.0)
	(1.610091	0.0	0.0)
	(1.626185	0.0	0.0)
	(1.649097	0.0	0.0)
	(1.675937	0.0	0.0)
	(1.702078	0.0	0.0)
	(1.721158	0.0	0.0)
	(1.726351	0.0	0.0)
	(1.724371	0.0	0.0)
	(1.749479	0.0	0.0)
	(1.845894	0.0	0.0)
	(1.860284	0.0	0.0)
	(1.325645	0.0	0.0)
	(0.375520	0.0	0.0)
	(0.000000	0.0	0.0)
	(0.000000	0.0	0.0)
	(0.029503	0.0	0.0)
	(0.043251	0.0	0.0)
	(0.018967	0.0	0.0)
	(0.000000	0.0	0.0)
	(0.000000	0.0	0.0)
	(0.000000	0.0	0.0)
	(0.000000	0.0	0.0)
	(0.000000	0.0	0.0)
	(0.000000	0.0	0.0)
	(0.001268	0.0	0.0)
	(0.003920	0.0	0.0)
	(0.005439	0.0	0.0)
	(0.006062	0.0	0.0)
	(0.006005	0.0	0.0)
	(0.005460	0.0	0.0)
	(0.004592	0.0	0.0)
	(0.003543	0.0	0.0)
	(0.002432	0.0	0.0)
	(0.001350	0.0	0.0)
	(0.000366	0.0	0.0)
	(0.000000	0.0	0.0)
	(0.000000	0.0	0.0)
	(0.000000	0.0	0.0)
	(0.000000	0.0	0.0)
	(0.000000	0.0	0.0)
	(0.000000	0.0	0.0)
	(0.000000	0.0	0.0)
	(0.000000	0.0	0.0)
	(0.000000	0.0	0.0)
	(0.000000	0.0	0.0)
	(0.000000	0.0	0.0)
	(0.000000	0.0	0.0)
	(0.000000	0.0	0.0)
	(0.000000	0.0	0.0)
	(0.000000	0.0	0.0)
	(0.000000	0.0	0.0)
	(0.000000	0.0	0.0)
	(0.000169	0.0	0.0)
	(0.000443	0.0	0.0)
	(0.000694	0.0	0.0)
	(0.000915	0.0	0.0)
	(0.001105	0.0	0.0)
	(0.001259	0.0	0.0)
	(0.001375	0.0	0.0)
	(0.001452	0.0	0.0)
	(0.001490	0.0	0.0)
	(0.001487	0.0	0.0)
	(0.001444	0.0	0.0)
	(0.001363	0.0	0.0)
	(0.001246	0.0	0.0)
	(0.001095	0.0	0.0)
	(0.000913	0.0	0.0)
	(0.000706	0.0	0.0)
	(0.000477	0.0	0.0)
	(0.000233	0.0	0.0)
	(0.000000	0.0	0.0)
	(0.000000	0.0	0.0)
	(0.000000	0.0	0.0)
	(0.000000	0.0	0.0)
	(0.000000	0.0	0.0)
	(0.000000	0.0	0.0)
	(0.000000	0.0	0.0)
	(0.000000	0.0	0.0)
	(0.000000	0.0	0.0)
	(0.000000	0.0	0.0)
	(0.000000	0.0	0.0)
	(0.000000	0.0	0.0)
	(0.000000	0.0	0.0)
	(0.000000	0.0	0.0)
	(0.000628	0.0	0.0)
	(0.001467	0.0	0.0)
	(0.002493	0.0	0.0)
	(0.0	0.0	0.0)
	(0.0	0.0	0.0)
	(0.0	0.0	0.0)
	(0.0	0.0	0.0)
	(0.0	0.0	0.0)
	(0.0	0.0	0.0)
	(0.0	0.0	0.0)
	(0.0	0.0	0.0)
	(0.0	0.0	0.0)
	(0.0	0.0	0.0)
	(0.0	0.0	0.0)
	(0.0	0.0	0.0)
	(0.0	0.0	0.0)
	(0.0	0.0	0.0)
	(0.0	0.0	0.0)
	(0.0	0.0	0.0)
	(0.0	0.0	0.0)
	(0.0	0.0	0.0)
	(0.0	0.0	0.0)
	(0.0	0.0	0.0)
	(0.0	0.0	0.0)
	(0.0	0.0	0.0)
	(0.0	0.0	0.0)
	(0.0	0.0	0.0)
	(0.0	0.0	0.0)
	(0.0	0.0	0.0)
	(0.0	0.0	0.0)
	(0.0	0.0	0.0)
	(0.0	0.0	0.0)
	(0.0	0.0	0.0)
	(0.0	0.0	0.0)
	(0.0	0.0	0.0)
	(0.0	0.0	0.0)
	(0.0	0.0	0.0)
	(0.0	0.0	0.0)
	(0.0	0.0	0.0)
	(0.0	0.0	0.0)
	(0.0	0.0	0.0)
	(0.0	0.0	0.0)
	(0.0	0.0	0.0)
	(0.0	0.0	0.0)
	(0.0	0.0	0.0)
	(0.0	0.0	0.0)
	(0.0	0.0	0.0)
	(0.0	0.0	0.0)
	(0.0	0.0	0.0)
	(0.0	0.0	0.0)
	(0.0	0.0	0.0)
	(0.0	0.0	0.0)
	(0.0	0.0	0.0)
	(0.0	0.0	0.0)
	(0.0	0.0	0.0)
	(0.0	0.0	0.0)
	(0.0	0.0	0.0)
	(0.0	0.0	0.0)
	(0.0	0.0	0.0)
	(0.0	0.0	0.0)
	(0.0	0.0	0.0)
	(0.0	0.0	0.0)
	(0.0	0.0	0.0)
	(0.0	0.0	0.0)
	(0.0	0.0	0.0)
	(0.0	0.0	0.0)
	(0.0	0.0	0.0)
	(0.0	0.0	0.0)
	(0.0	0.0	0.0)
	(0.0	0.0	0.0)
	(0.0	0.0	0.0)
	(0.0	0.0	0.0)
	(0.0	0.0	0.0)
	(0.0	0.0	0.0)
	(0.0	0.0	0.0)
	(0.0	0.0	0.0)
	(0.0	0.0	0.0)
	(0.0	0.0	0.0)
	(0.0	0.0	0.0)
	(0.0	0.0	0.0)
	(0.0	0.0	0.0)
	(0.0	0.0	0.0)
	(0.0	0.0	0.0)
	(0.0	0.0	0.0)
	(0.0	0.0	0.0)
	(0.0	0.0	0.0)
	(0.0	0.0	0.0)
	(0.0	0.0	0.0)
	(0.0	0.0	0.0)
	(0.0	0.0	0.0)
	(0.0	0.0	0.0)
	(0.0	0.0	0.0)
	(0.0	0.0	0.0)
	(0.0	0.0	0.0)
	(0.0	0.0	0.0)
	(0.0	0.0	0.0)
	(0.0	0.0	0.0)
	(0.0	0.0	0.0)
	(0.0	0.0	0.0)
	(0.0	0.0	0.0)
	(0.0	0.0	0.0)
	(0.0	0.0	0.0)
	(0.0	0.0	0.0)
	(0.0	0.0	0.0)
	(0.0	0.0	0.0)
	(0.0	0.0	0.0)
	(0.0	0.0	0.0)
	(0.0	0.0	0.0)
	(0.0	0.0	0.0)
	(0.0	0.0	0.0)
	(0.0	0.0	0.0)
	(0.0	0.0	0.0)
	(0.0	0.0	0.0)
	(0.0	0.0	0.0)
	(0.0	0.0	0.0)
	(0.0	0.0	0.0)
	(0.0	0.0	0.0)
	(0.0	0.0	0.0)
	(0.0	0.0	0.0)
	(0.0	0.0	0.0)
	(0.0	0.0	0.0)
	(0.0	0.0	0.0)
	(0.0	0.0	0.0)
	(0.0	0.0	0.0)
	(0.0	0.0	0.0)
	(0.0	0.0	0.0)
	(0.0	0.0	0.0)
	(0.0	0.0	0.0)
	(0.0	0.0	0.0)
	(0.0	0.0	0.0)
	(0.0	0.0	0.0)
	(0.0	0.0	0.0)
	(0.0	0.0	0.0)
	(0.0	0.0	0.0)
	(0.0	0.0	0.0)
	(0.0	0.0	0.0)
	(0.0	0.0	0.0)
	(0.0	0.0	0.0)
	(0.0	0.0	0.0)
	(0.0	0.0	0.0)
	(0.0	0.0	0.0)
	(0.0	0.0	0.0)
	(0.0	0.0	0.0)
	(0.0	0.0	0.0)
	(0.0	0.0	0.0)
	(0.0	0.0	0.0)
	(0.0	0.0	0.0)
	(0.0	0.0	0.0)
	(0.0	0.0	0.0)
	(0.0	0.0	0.0)
	(0.0	0.0	0.0)
	(0.0	0.0	0.0)
	(0.0	0.0	0.0)
	(0.0	0.0	0.0)
	(0.0	0.0	0.0)
	(0.0	0.0	0.0)
	(0.0	0.0	0.0)
	(0.0	0.0	0.0)
	(0.0	0.0	0.0)
	(0.0	0.0	0.0)
	(0.0	0.0	0.0)
	(0.0	0.0	0.0)
	(0.0	0.0	0.0)
	(0.0	0.0	0.0)
	(0.0	0.0	0.0)
	(0.0	0.0	0.0)
	(0.0	0.0	0.0)
	(0.0	0.0	0.0)
	(0.0	0.0	0.0)
	(0.0	0.0	0.0)
	(0.0	0.0	0.0)
	(0.0	0.0	0.0)
	(0.0	0.0	0.0)
	(0.0	0.0	0.0)
	(0.0	0.0	0.0)
	(0.0	0.0	0.0)
	(0.0	0.0	0.0)
	(0.0	0.0	0.0)
	(0.0	0.0	0.0)
	(0.0	0.0	0.0)
	(0.0	0.0	0.0)
	(0.0	0.0	0.0)
	(0.0	0.0	0.0)
	(0.0	0.0	0.0)
	(0.0	0.0	0.0)
	(0.0	0.0	0.0)
	(0.0	0.0	0.0)
	(0.0	0.0	0.0)
	(0.0	0.0	0.0)
	(0.0	0.0	0.0)
	(0.0	0.0	0.0)
	(0.0	0.0	0.0)
	(0.0	0.0	0.0)
	(0.0	0.0	0.0)
	(0.0	0.0	0.0)
	(0.0	0.0	0.0)
	(0.0	0.0	0.0)
	(0.0	0.0	0.0)
	(0.0	0.0	0.0)
	(0.0	0.0	0.0)
	(0.0	0.0	0.0)
	(0.0	0.0	0.0)
	(0.0	0.0	0.0)
	(0.0	0.0	0.0)
)