/*--------------------------------*- C++ -*----------------------------------*\
| =========                 |                                                 |
| \\      /  F ield         | OpenFOAM: The Open Source CFD Toolbox           |
|  \\    /   O peration     | Version:  v1912                                 |
|   \\  /    A nd           | Website:  www.openfoam.com                      |
|    \\/     M anipulation  |                                                 |
\*---------------------------------------------------------------------------*/
FoamFile
{
    version     2.0;
    format      ascii;
    class       faceList;
    location    "constant/polyMesh";
    object      faces;
}
// * * * * * * * * * * * * * * * * * * * * * * * * * * * * * * * * * * * * * //


1265
(
4(1 27 183 157)
4(26 182 183 27)
4(2 28 184 158)
4(27 183 184 28)
4(3 29 185 159)
4(28 184 185 29)
4(4 30 186 160)
4(29 185 186 30)
4(5 31 187 161)
4(30 186 187 31)
4(6 32 188 162)
4(31 187 188 32)
4(7 33 189 163)
4(32 188 189 33)
4(8 34 190 164)
4(33 189 190 34)
4(9 35 191 165)
4(34 190 191 35)
4(10 36 192 166)
4(35 191 192 36)
4(11 37 193 167)
4(36 192 193 37)
4(12 38 194 168)
4(37 193 194 38)
4(13 39 195 169)
4(38 194 195 39)
4(14 40 196 170)
4(39 195 196 40)
4(15 41 197 171)
4(40 196 197 41)
4(16 42 198 172)
4(41 197 198 42)
4(17 43 199 173)
4(42 198 199 43)
4(18 44 200 174)
4(43 199 200 44)
4(19 45 201 175)
4(44 200 201 45)
4(20 46 202 176)
4(45 201 202 46)
4(21 47 203 177)
4(46 202 203 47)
4(22 48 204 178)
4(47 203 204 48)
4(23 49 205 179)
4(48 204 205 49)
4(24 50 206 180)
4(49 205 206 50)
4(50 206 207 51)
4(25 51 207 181)
4(27 53 209 183)
4(52 208 209 53)
4(28 54 210 184)
4(53 209 210 54)
4(29 55 211 185)
4(54 210 211 55)
4(30 56 212 186)
4(55 211 212 56)
4(31 57 213 187)
4(56 212 213 57)
4(32 58 214 188)
4(57 213 214 58)
4(33 59 215 189)
4(58 214 215 59)
4(34 60 216 190)
4(59 215 216 60)
4(35 61 217 191)
4(60 216 217 61)
4(36 62 218 192)
4(61 217 218 62)
4(37 63 219 193)
4(62 218 219 63)
4(38 64 220 194)
4(63 219 220 64)
4(39 65 221 195)
4(64 220 221 65)
4(40 66 222 196)
4(65 221 222 66)
4(41 67 223 197)
4(66 222 223 67)
4(42 68 224 198)
4(67 223 224 68)
4(43 69 225 199)
4(68 224 225 69)
4(44 70 226 200)
4(69 225 226 70)
4(45 71 227 201)
4(70 226 227 71)
4(46 72 228 202)
4(71 227 228 72)
4(47 73 229 203)
4(72 228 229 73)
4(48 74 230 204)
4(73 229 230 74)
4(49 75 231 205)
4(74 230 231 75)
4(50 76 232 206)
4(75 231 232 76)
4(76 232 233 77)
4(51 77 233 207)
4(53 79 235 209)
4(78 234 235 79)
4(54 80 236 210)
4(79 235 236 80)
4(55 81 237 211)
4(80 236 237 81)
4(56 82 238 212)
4(81 237 238 82)
4(57 83 239 213)
4(82 238 239 83)
4(58 84 240 214)
4(83 239 240 84)
4(59 85 241 215)
4(84 240 241 85)
4(60 86 242 216)
4(85 241 242 86)
4(61 87 243 217)
4(86 242 243 87)
4(62 88 244 218)
4(87 243 244 88)
4(63 89 245 219)
4(88 244 245 89)
4(64 90 246 220)
4(89 245 246 90)
4(65 91 247 221)
4(90 246 247 91)
4(66 92 248 222)
4(91 247 248 92)
4(67 93 249 223)
4(92 248 249 93)
4(68 94 250 224)
4(93 249 250 94)
4(69 95 251 225)
4(94 250 251 95)
4(70 96 252 226)
4(95 251 252 96)
4(71 97 253 227)
4(96 252 253 97)
4(72 98 254 228)
4(97 253 254 98)
4(73 99 255 229)
4(98 254 255 99)
4(74 100 256 230)
4(99 255 256 100)
4(75 101 257 231)
4(100 256 257 101)
4(76 102 258 232)
4(101 257 258 102)
4(102 258 259 103)
4(77 103 259 233)
4(79 105 261 235)
4(104 260 261 105)
4(80 106 262 236)
4(105 261 262 106)
4(81 107 263 237)
4(106 262 263 107)
4(82 108 264 238)
4(107 263 264 108)
4(83 109 265 239)
4(108 264 265 109)
4(84 110 266 240)
4(109 265 266 110)
4(85 111 267 241)
4(110 266 267 111)
4(86 112 268 242)
4(111 267 268 112)
4(87 113 269 243)
4(112 268 269 113)
4(88 114 270 244)
4(113 269 270 114)
4(89 115 271 245)
4(114 270 271 115)
4(90 116 272 246)
4(115 271 272 116)
4(91 117 273 247)
4(116 272 273 117)
4(92 118 274 248)
4(117 273 274 118)
4(93 119 275 249)
4(118 274 275 119)
4(94 120 276 250)
4(119 275 276 120)
4(95 121 277 251)
4(120 276 277 121)
4(96 122 278 252)
4(121 277 278 122)
4(97 123 279 253)
4(122 278 279 123)
4(98 124 280 254)
4(123 279 280 124)
4(99 125 281 255)
4(124 280 281 125)
4(100 126 282 256)
4(125 281 282 126)
4(101 127 283 257)
4(126 282 283 127)
4(102 128 284 258)
4(127 283 284 128)
4(128 284 285 129)
4(103 129 285 259)
4(105 131 287 261)
4(106 132 288 262)
4(107 133 289 263)
4(108 134 290 264)
4(109 135 291 265)
4(110 136 292 266)
4(111 137 293 267)
4(112 138 294 268)
4(113 139 295 269)
4(114 140 296 270)
4(115 141 297 271)
4(116 142 298 272)
4(117 143 299 273)
4(118 144 300 274)
4(119 145 301 275)
4(120 146 302 276)
4(121 147 303 277)
4(122 148 304 278)
4(123 149 305 279)
4(124 150 306 280)
4(125 151 307 281)
4(126 152 308 282)
4(127 153 309 283)
4(128 154 310 284)
4(129 155 311 285)
4(312 322 382 372)
4(51 207 382 322)
4(313 323 383 373)
4(322 382 383 323)
4(314 324 384 374)
4(323 383 384 324)
4(315 325 385 375)
4(324 384 385 325)
4(316 326 386 376)
4(325 385 386 326)
4(317 327 387 377)
4(326 386 387 327)
4(318 328 388 378)
4(327 387 388 328)
4(319 329 389 379)
4(328 388 389 329)
4(320 330 390 380)
4(329 389 390 330)
4(330 390 391 331)
4(321 331 391 381)
4(322 332 392 382)
4(77 233 392 332)
4(323 333 393 383)
4(332 392 393 333)
4(324 334 394 384)
4(333 393 394 334)
4(325 335 395 385)
4(334 394 395 335)
4(326 336 396 386)
4(335 395 396 336)
4(327 337 397 387)
4(336 396 397 337)
4(328 338 398 388)
4(337 397 398 338)
4(329 339 399 389)
4(338 398 399 339)
4(330 340 400 390)
4(339 399 400 340)
4(340 400 401 341)
4(331 341 401 391)
4(332 342 402 392)
4(103 259 402 342)
4(333 343 403 393)
4(342 402 403 343)
4(334 344 404 394)
4(343 403 404 344)
4(335 345 405 395)
4(344 404 405 345)
4(336 346 406 396)
4(345 405 406 346)
4(337 347 407 397)
4(346 406 407 347)
4(338 348 408 398)
4(347 407 408 348)
4(339 349 409 399)
4(348 408 409 349)
4(340 350 410 400)
4(349 409 410 350)
4(350 410 411 351)
4(341 351 411 401)
4(342 352 412 402)
4(129 285 412 352)
4(343 353 413 403)
4(352 412 413 353)
4(344 354 414 404)
4(353 413 414 354)
4(345 355 415 405)
4(354 414 415 355)
4(346 356 416 406)
4(355 415 416 356)
4(347 357 417 407)
4(356 416 417 357)
4(348 358 418 408)
4(357 417 418 358)
4(349 359 419 409)
4(358 418 419 359)
4(350 360 420 410)
4(359 419 420 360)
4(360 420 421 361)
4(351 361 421 411)
4(352 362 422 412)
4(353 363 423 413)
4(354 364 424 414)
4(355 365 425 415)
4(356 366 426 416)
4(357 367 427 417)
4(358 368 428 418)
4(359 369 429 419)
4(360 370 430 420)
4(361 371 431 421)
4(432 457 607 582)
4(331 391 607 457)
4(433 458 608 583)
4(457 607 608 458)
4(434 459 609 584)
4(458 608 609 459)
4(435 460 610 585)
4(459 609 610 460)
4(436 461 611 586)
4(460 610 611 461)
4(437 462 612 587)
4(461 611 612 462)
4(438 463 613 588)
4(462 612 613 463)
4(439 464 614 589)
4(463 613 614 464)
4(440 465 615 590)
4(464 614 615 465)
4(441 466 616 591)
4(465 615 616 466)
4(442 467 617 592)
4(466 616 617 467)
4(443 468 618 593)
4(467 617 618 468)
4(444 469 619 594)
4(468 618 619 469)
4(445 470 620 595)
4(469 619 620 470)
4(446 471 621 596)
4(470 620 621 471)
4(447 472 622 597)
4(471 621 622 472)
4(448 473 623 598)
4(472 622 623 473)
4(449 474 624 599)
4(473 623 624 474)
4(450 475 625 600)
4(474 624 625 475)
4(451 476 626 601)
4(475 625 626 476)
4(452 477 627 602)
4(476 626 627 477)
4(453 478 628 603)
4(477 627 628 478)
4(454 479 629 604)
4(478 628 629 479)
4(455 480 630 605)
4(479 629 630 480)
4(480 630 631 481)
4(457 482 632 607)
4(341 401 632 482)
4(458 483 633 608)
4(482 632 633 483)
4(459 484 634 609)
4(483 633 634 484)
4(460 485 635 610)
4(484 634 635 485)
4(461 486 636 611)
4(485 635 636 486)
4(462 487 637 612)
4(486 636 637 487)
4(463 488 638 613)
4(487 637 638 488)
4(464 489 639 614)
4(488 638 639 489)
4(465 490 640 615)
4(489 639 640 490)
4(466 491 641 616)
4(490 640 641 491)
4(467 492 642 617)
4(491 641 642 492)
4(468 493 643 618)
4(492 642 643 493)
4(469 494 644 619)
4(493 643 644 494)
4(470 495 645 620)
4(494 644 645 495)
4(471 496 646 621)
4(495 645 646 496)
4(472 497 647 622)
4(496 646 647 497)
4(473 498 648 623)
4(497 647 648 498)
4(474 499 649 624)
4(498 648 649 499)
4(475 500 650 625)
4(499 649 650 500)
4(476 501 651 626)
4(500 650 651 501)
4(477 502 652 627)
4(501 651 652 502)
4(478 503 653 628)
4(502 652 653 503)
4(479 504 654 629)
4(503 653 654 504)
4(480 505 655 630)
4(504 654 655 505)
4(505 655 656 506)
4(482 507 657 632)
4(351 411 657 507)
4(483 508 658 633)
4(507 657 658 508)
4(484 509 659 634)
4(508 658 659 509)
4(485 510 660 635)
4(509 659 660 510)
4(486 511 661 636)
4(510 660 661 511)
4(487 512 662 637)
4(511 661 662 512)
4(488 513 663 638)
4(512 662 663 513)
4(489 514 664 639)
4(513 663 664 514)
4(490 515 665 640)
4(514 664 665 515)
4(491 516 666 641)
4(515 665 666 516)
4(492 517 667 642)
4(516 666 667 517)
4(493 518 668 643)
4(517 667 668 518)
4(494 519 669 644)
4(518 668 669 519)
4(495 520 670 645)
4(519 669 670 520)
4(496 521 671 646)
4(520 670 671 521)
4(497 522 672 647)
4(521 671 672 522)
4(498 523 673 648)
4(522 672 673 523)
4(499 524 674 649)
4(523 673 674 524)
4(500 525 675 650)
4(524 674 675 525)
4(501 526 676 651)
4(525 675 676 526)
4(502 527 677 652)
4(526 676 677 527)
4(503 528 678 653)
4(527 677 678 528)
4(504 529 679 654)
4(528 678 679 529)
4(505 530 680 655)
4(529 679 680 530)
4(530 680 681 531)
4(507 532 682 657)
4(361 421 682 532)
4(508 533 683 658)
4(532 682 683 533)
4(509 534 684 659)
4(533 683 684 534)
4(510 535 685 660)
4(534 684 685 535)
4(511 536 686 661)
4(535 685 686 536)
4(512 537 687 662)
4(536 686 687 537)
4(513 538 688 663)
4(537 687 688 538)
4(514 539 689 664)
4(538 688 689 539)
4(515 540 690 665)
4(539 689 690 540)
4(516 541 691 666)
4(540 690 691 541)
4(517 542 692 667)
4(541 691 692 542)
4(518 543 693 668)
4(542 692 693 543)
4(519 544 694 669)
4(543 693 694 544)
4(520 545 695 670)
4(544 694 695 545)
4(521 546 696 671)
4(545 695 696 546)
4(522 547 697 672)
4(546 696 697 547)
4(523 548 698 673)
4(547 697 698 548)
4(524 549 699 674)
4(548 698 699 549)
4(525 550 700 675)
4(549 699 700 550)
4(526 551 701 676)
4(550 700 701 551)
4(527 552 702 677)
4(551 701 702 552)
4(528 553 703 678)
4(552 702 703 553)
4(529 554 704 679)
4(553 703 704 554)
4(530 555 705 680)
4(554 704 705 555)
4(555 705 706 556)
4(532 557 707 682)
4(533 558 708 683)
4(534 559 709 684)
4(535 560 710 685)
4(536 561 711 686)
4(537 562 712 687)
4(538 563 713 688)
4(539 564 714 689)
4(540 565 715 690)
4(541 566 716 691)
4(542 567 717 692)
4(543 568 718 693)
4(544 569 719 694)
4(545 570 720 695)
4(546 571 721 696)
4(547 572 722 697)
4(548 573 723 698)
4(549 574 724 699)
4(550 575 725 700)
4(551 576 726 701)
4(552 577 727 702)
4(553 578 728 703)
4(554 579 729 704)
4(555 580 730 705)
4(0 156 182 26)
4(26 182 208 52)
4(52 208 234 78)
4(78 234 260 104)
4(104 260 286 130)
4(456 481 631 606)
4(481 506 656 631)
4(506 531 681 656)
4(531 556 706 681)
4(556 581 731 706)
4(130 286 287 131)
4(131 287 288 132)
4(132 288 289 133)
4(133 289 290 134)
4(134 290 291 135)
4(135 291 292 136)
4(136 292 293 137)
4(137 293 294 138)
4(138 294 295 139)
4(139 295 296 140)
4(140 296 297 141)
4(141 297 298 142)
4(142 298 299 143)
4(143 299 300 144)
4(144 300 301 145)
4(145 301 302 146)
4(146 302 303 147)
4(147 303 304 148)
4(148 304 305 149)
4(149 305 306 150)
4(150 306 307 151)
4(151 307 308 152)
4(152 308 309 153)
4(153 309 310 154)
4(154 310 311 155)
4(0 1 157 156)
4(1 2 158 157)
4(2 3 159 158)
4(3 4 160 159)
4(4 5 161 160)
4(5 6 162 161)
4(6 7 163 162)
4(7 8 164 163)
4(8 9 165 164)
4(9 10 166 165)
4(10 11 167 166)
4(11 12 168 167)
4(12 13 169 168)
4(13 14 170 169)
4(14 15 171 170)
4(15 16 172 171)
4(16 17 173 172)
4(17 18 174 173)
4(18 19 175 174)
4(19 20 176 175)
4(20 21 177 176)
4(21 22 178 177)
4(22 23 179 178)
4(23 24 180 179)
4(24 25 181 180)
4(371 431 707 557)
4(557 707 708 558)
4(558 708 709 559)
4(559 709 710 560)
4(560 710 711 561)
4(561 711 712 562)
4(562 712 713 563)
4(563 713 714 564)
4(564 714 715 565)
4(565 715 716 566)
4(566 716 717 567)
4(567 717 718 568)
4(568 718 719 569)
4(569 719 720 570)
4(570 720 721 571)
4(571 721 722 572)
4(572 722 723 573)
4(573 723 724 574)
4(574 724 725 575)
4(575 725 726 576)
4(576 726 727 577)
4(577 727 728 578)
4(578 728 729 579)
4(579 729 730 580)
4(580 730 731 581)
4(321 432 582 381)
4(432 433 583 582)
4(433 434 584 583)
4(434 435 585 584)
4(435 436 586 585)
4(436 437 587 586)
4(437 438 588 587)
4(438 439 589 588)
4(439 440 590 589)
4(440 441 591 590)
4(441 442 592 591)
4(442 443 593 592)
4(443 444 594 593)
4(444 445 595 594)
4(445 446 596 595)
4(446 447 597 596)
4(447 448 598 597)
4(448 449 599 598)
4(449 450 600 599)
4(450 451 601 600)
4(451 452 602 601)
4(452 453 603 602)
4(453 454 604 603)
4(454 455 605 604)
4(455 456 606 605)
4(0 26 27 1)
4(26 52 53 27)
4(52 78 79 53)
4(78 104 105 79)
4(104 130 131 105)
4(1 27 28 2)
4(27 53 54 28)
4(53 79 80 54)
4(79 105 106 80)
4(105 131 132 106)
4(2 28 29 3)
4(28 54 55 29)
4(54 80 81 55)
4(80 106 107 81)
4(106 132 133 107)
4(3 29 30 4)
4(29 55 56 30)
4(55 81 82 56)
4(81 107 108 82)
4(107 133 134 108)
4(4 30 31 5)
4(30 56 57 31)
4(56 82 83 57)
4(82 108 109 83)
4(108 134 135 109)
4(5 31 32 6)
4(31 57 58 32)
4(57 83 84 58)
4(83 109 110 84)
4(109 135 136 110)
4(6 32 33 7)
4(32 58 59 33)
4(58 84 85 59)
4(84 110 111 85)
4(110 136 137 111)
4(7 33 34 8)
4(33 59 60 34)
4(59 85 86 60)
4(85 111 112 86)
4(111 137 138 112)
4(8 34 35 9)
4(34 60 61 35)
4(60 86 87 61)
4(86 112 113 87)
4(112 138 139 113)
4(9 35 36 10)
4(35 61 62 36)
4(61 87 88 62)
4(87 113 114 88)
4(113 139 140 114)
4(10 36 37 11)
4(36 62 63 37)
4(62 88 89 63)
4(88 114 115 89)
4(114 140 141 115)
4(11 37 38 12)
4(37 63 64 38)
4(63 89 90 64)
4(89 115 116 90)
4(115 141 142 116)
4(12 38 39 13)
4(38 64 65 39)
4(64 90 91 65)
4(90 116 117 91)
4(116 142 143 117)
4(13 39 40 14)
4(39 65 66 40)
4(65 91 92 66)
4(91 117 118 92)
4(117 143 144 118)
4(14 40 41 15)
4(40 66 67 41)
4(66 92 93 67)
4(92 118 119 93)
4(118 144 145 119)
4(15 41 42 16)
4(41 67 68 42)
4(67 93 94 68)
4(93 119 120 94)
4(119 145 146 120)
4(16 42 43 17)
4(42 68 69 43)
4(68 94 95 69)
4(94 120 121 95)
4(120 146 147 121)
4(17 43 44 18)
4(43 69 70 44)
4(69 95 96 70)
4(95 121 122 96)
4(121 147 148 122)
4(18 44 45 19)
4(44 70 71 45)
4(70 96 97 71)
4(96 122 123 97)
4(122 148 149 123)
4(19 45 46 20)
4(45 71 72 46)
4(71 97 98 72)
4(97 123 124 98)
4(123 149 150 124)
4(20 46 47 21)
4(46 72 73 47)
4(72 98 99 73)
4(98 124 125 99)
4(124 150 151 125)
4(21 47 48 22)
4(47 73 74 48)
4(73 99 100 74)
4(99 125 126 100)
4(125 151 152 126)
4(22 48 49 23)
4(48 74 75 49)
4(74 100 101 75)
4(100 126 127 101)
4(126 152 153 127)
4(23 49 50 24)
4(49 75 76 50)
4(75 101 102 76)
4(101 127 128 102)
4(127 153 154 128)
4(24 50 51 25)
4(50 76 77 51)
4(76 102 103 77)
4(102 128 129 103)
4(128 154 155 129)
4(156 157 183 182)
4(182 183 209 208)
4(208 209 235 234)
4(234 235 261 260)
4(260 261 287 286)
4(157 158 184 183)
4(183 184 210 209)
4(209 210 236 235)
4(235 236 262 261)
4(261 262 288 287)
4(158 159 185 184)
4(184 185 211 210)
4(210 211 237 236)
4(236 237 263 262)
4(262 263 289 288)
4(159 160 186 185)
4(185 186 212 211)
4(211 212 238 237)
4(237 238 264 263)
4(263 264 290 289)
4(160 161 187 186)
4(186 187 213 212)
4(212 213 239 238)
4(238 239 265 264)
4(264 265 291 290)
4(161 162 188 187)
4(187 188 214 213)
4(213 214 240 239)
4(239 240 266 265)
4(265 266 292 291)
4(162 163 189 188)
4(188 189 215 214)
4(214 215 241 240)
4(240 241 267 266)
4(266 267 293 292)
4(163 164 190 189)
4(189 190 216 215)
4(215 216 242 241)
4(241 242 268 267)
4(267 268 294 293)
4(164 165 191 190)
4(190 191 217 216)
4(216 217 243 242)
4(242 243 269 268)
4(268 269 295 294)
4(165 166 192 191)
4(191 192 218 217)
4(217 218 244 243)
4(243 244 270 269)
4(269 270 296 295)
4(166 167 193 192)
4(192 193 219 218)
4(218 219 245 244)
4(244 245 271 270)
4(270 271 297 296)
4(167 168 194 193)
4(193 194 220 219)
4(219 220 246 245)
4(245 246 272 271)
4(271 272 298 297)
4(168 169 195 194)
4(194 195 221 220)
4(220 221 247 246)
4(246 247 273 272)
4(272 273 299 298)
4(169 170 196 195)
4(195 196 222 221)
4(221 222 248 247)
4(247 248 274 273)
4(273 274 300 299)
4(170 171 197 196)
4(196 197 223 222)
4(222 223 249 248)
4(248 249 275 274)
4(274 275 301 300)
4(171 172 198 197)
4(197 198 224 223)
4(223 224 250 249)
4(249 250 276 275)
4(275 276 302 301)
4(172 173 199 198)
4(198 199 225 224)
4(224 225 251 250)
4(250 251 277 276)
4(276 277 303 302)
4(173 174 200 199)
4(199 200 226 225)
4(225 226 252 251)
4(251 252 278 277)
4(277 278 304 303)
4(174 175 201 200)
4(200 201 227 226)
4(226 227 253 252)
4(252 253 279 278)
4(278 279 305 304)
4(175 176 202 201)
4(201 202 228 227)
4(227 228 254 253)
4(253 254 280 279)
4(279 280 306 305)
4(176 177 203 202)
4(202 203 229 228)
4(228 229 255 254)
4(254 255 281 280)
4(280 281 307 306)
4(177 178 204 203)
4(203 204 230 229)
4(229 230 256 255)
4(255 256 282 281)
4(281 282 308 307)
4(178 179 205 204)
4(204 205 231 230)
4(230 231 257 256)
4(256 257 283 282)
4(282 283 309 308)
4(179 180 206 205)
4(205 206 232 231)
4(231 232 258 257)
4(257 258 284 283)
4(283 284 310 309)
4(180 181 207 206)
4(206 207 233 232)
4(232 233 259 258)
4(258 259 285 284)
4(284 285 311 310)
4(25 312 372 181)
4(312 313 373 372)
4(313 314 374 373)
4(314 315 375 374)
4(315 316 376 375)
4(316 317 377 376)
4(317 318 378 377)
4(318 319 379 378)
4(319 320 380 379)
4(320 321 381 380)
4(155 311 422 362)
4(362 422 423 363)
4(363 423 424 364)
4(364 424 425 365)
4(365 425 426 366)
4(366 426 427 367)
4(367 427 428 368)
4(368 428 429 369)
4(369 429 430 370)
4(370 430 431 371)
4(25 51 322 312)
4(51 77 332 322)
4(77 103 342 332)
4(103 129 352 342)
4(129 155 362 352)
4(312 322 323 313)
4(322 332 333 323)
4(332 342 343 333)
4(342 352 353 343)
4(352 362 363 353)
4(313 323 324 314)
4(323 333 334 324)
4(333 343 344 334)
4(343 353 354 344)
4(353 363 364 354)
4(314 324 325 315)
4(324 334 335 325)
4(334 344 345 335)
4(344 354 355 345)
4(354 364 365 355)
4(315 325 326 316)
4(325 335 336 326)
4(335 345 346 336)
4(345 355 356 346)
4(355 365 366 356)
4(316 326 327 317)
4(326 336 337 327)
4(336 346 347 337)
4(346 356 357 347)
4(356 366 367 357)
4(317 327 328 318)
4(327 337 338 328)
4(337 347 348 338)
4(347 357 358 348)
4(357 367 368 358)
4(318 328 329 319)
4(328 338 339 329)
4(338 348 349 339)
4(348 358 359 349)
4(358 368 369 359)
4(319 329 330 320)
4(329 339 340 330)
4(339 349 350 340)
4(349 359 360 350)
4(359 369 370 360)
4(320 330 331 321)
4(330 340 341 331)
4(340 350 351 341)
4(350 360 361 351)
4(360 370 371 361)
4(181 372 382 207)
4(207 382 392 233)
4(233 392 402 259)
4(259 402 412 285)
4(285 412 422 311)
4(372 373 383 382)
4(382 383 393 392)
4(392 393 403 402)
4(402 403 413 412)
4(412 413 423 422)
4(373 374 384 383)
4(383 384 394 393)
4(393 394 404 403)
4(403 404 414 413)
4(413 414 424 423)
4(374 375 385 384)
4(384 385 395 394)
4(394 395 405 404)
4(404 405 415 414)
4(414 415 425 424)
4(375 376 386 385)
4(385 386 396 395)
4(395 396 406 405)
4(405 406 416 415)
4(415 416 426 425)
4(376 377 387 386)
4(386 387 397 396)
4(396 397 407 406)
4(406 407 417 416)
4(416 417 427 426)
4(377 378 388 387)
4(387 388 398 397)
4(397 398 408 407)
4(407 408 418 417)
4(417 418 428 427)
4(378 379 389 388)
4(388 389 399 398)
4(398 399 409 408)
4(408 409 419 418)
4(418 419 429 428)
4(379 380 390 389)
4(389 390 400 399)
4(399 400 410 409)
4(409 410 420 419)
4(419 420 430 429)
4(380 381 391 390)
4(390 391 401 400)
4(400 401 411 410)
4(410 411 421 420)
4(420 421 431 430)
4(321 331 457 432)
4(331 341 482 457)
4(341 351 507 482)
4(351 361 532 507)
4(361 371 557 532)
4(432 457 458 433)
4(457 482 483 458)
4(482 507 508 483)
4(507 532 533 508)
4(532 557 558 533)
4(433 458 459 434)
4(458 483 484 459)
4(483 508 509 484)
4(508 533 534 509)
4(533 558 559 534)
4(434 459 460 435)
4(459 484 485 460)
4(484 509 510 485)
4(509 534 535 510)
4(534 559 560 535)
4(435 460 461 436)
4(460 485 486 461)
4(485 510 511 486)
4(510 535 536 511)
4(535 560 561 536)
4(436 461 462 437)
4(461 486 487 462)
4(486 511 512 487)
4(511 536 537 512)
4(536 561 562 537)
4(437 462 463 438)
4(462 487 488 463)
4(487 512 513 488)
4(512 537 538 513)
4(537 562 563 538)
4(438 463 464 439)
4(463 488 489 464)
4(488 513 514 489)
4(513 538 539 514)
4(538 563 564 539)
4(439 464 465 440)
4(464 489 490 465)
4(489 514 515 490)
4(514 539 540 515)
4(539 564 565 540)
4(440 465 466 441)
4(465 490 491 466)
4(490 515 516 491)
4(515 540 541 516)
4(540 565 566 541)
4(441 466 467 442)
4(466 491 492 467)
4(491 516 517 492)
4(516 541 542 517)
4(541 566 567 542)
4(442 467 468 443)
4(467 492 493 468)
4(492 517 518 493)
4(517 542 543 518)
4(542 567 568 543)
4(443 468 469 444)
4(468 493 494 469)
4(493 518 519 494)
4(518 543 544 519)
4(543 568 569 544)
4(444 469 470 445)
4(469 494 495 470)
4(494 519 520 495)
4(519 544 545 520)
4(544 569 570 545)
4(445 470 471 446)
4(470 495 496 471)
4(495 520 521 496)
4(520 545 546 521)
4(545 570 571 546)
4(446 471 472 447)
4(471 496 497 472)
4(496 521 522 497)
4(521 546 547 522)
4(546 571 572 547)
4(447 472 473 448)
4(472 497 498 473)
4(497 522 523 498)
4(522 547 548 523)
4(547 572 573 548)
4(448 473 474 449)
4(473 498 499 474)
4(498 523 524 499)
4(523 548 549 524)
4(548 573 574 549)
4(449 474 475 450)
4(474 499 500 475)
4(499 524 525 500)
4(524 549 550 525)
4(549 574 575 550)
4(450 475 476 451)
4(475 500 501 476)
4(500 525 526 501)
4(525 550 551 526)
4(550 575 576 551)
4(451 476 477 452)
4(476 501 502 477)
4(501 526 527 502)
4(526 551 552 527)
4(551 576 577 552)
4(452 477 478 453)
4(477 502 503 478)
4(502 527 528 503)
4(527 552 553 528)
4(552 577 578 553)
4(453 478 479 454)
4(478 503 504 479)
4(503 528 529 504)
4(528 553 554 529)
4(553 578 579 554)
4(454 479 480 455)
4(479 504 505 480)
4(504 529 530 505)
4(529 554 555 530)
4(554 579 580 555)
4(455 480 481 456)
4(480 505 506 481)
4(505 530 531 506)
4(530 555 556 531)
4(555 580 581 556)
4(381 582 607 391)
4(391 607 632 401)
4(401 632 657 411)
4(411 657 682 421)
4(421 682 707 431)
4(582 583 608 607)
4(607 608 633 632)
4(632 633 658 657)
4(657 658 683 682)
4(682 683 708 707)
4(583 584 609 608)
4(608 609 634 633)
4(633 634 659 658)
4(658 659 684 683)
4(683 684 709 708)
4(584 585 610 609)
4(609 610 635 634)
4(634 635 660 659)
4(659 660 685 684)
4(684 685 710 709)
4(585 586 611 610)
4(610 611 636 635)
4(635 636 661 660)
4(660 661 686 685)
4(685 686 711 710)
4(586 587 612 611)
4(611 612 637 636)
4(636 637 662 661)
4(661 662 687 686)
4(686 687 712 711)
4(587 588 613 612)
4(612 613 638 637)
4(637 638 663 662)
4(662 663 688 687)
4(687 688 713 712)
4(588 589 614 613)
4(613 614 639 638)
4(638 639 664 663)
4(663 664 689 688)
4(688 689 714 713)
4(589 590 615 614)
4(614 615 640 639)
4(639 640 665 664)
4(664 665 690 689)
4(689 690 715 714)
4(590 591 616 615)
4(615 616 641 640)
4(640 641 666 665)
4(665 666 691 690)
4(690 691 716 715)
4(591 592 617 616)
4(616 617 642 641)
4(641 642 667 666)
4(666 667 692 691)
4(691 692 717 716)
4(592 593 618 617)
4(617 618 643 642)
4(642 643 668 667)
4(667 668 693 692)
4(692 693 718 717)
4(593 594 619 618)
4(618 619 644 643)
4(643 644 669 668)
4(668 669 694 693)
4(693 694 719 718)
4(594 595 620 619)
4(619 620 645 644)
4(644 645 670 669)
4(669 670 695 694)
4(694 695 720 719)
4(595 596 621 620)
4(620 621 646 645)
4(645 646 671 670)
4(670 671 696 695)
4(695 696 721 720)
4(596 597 622 621)
4(621 622 647 646)
4(646 647 672 671)
4(671 672 697 696)
4(696 697 722 721)
4(597 598 623 622)
4(622 623 648 647)
4(647 648 673 672)
4(672 673 698 697)
4(697 698 723 722)
4(598 599 624 623)
4(623 624 649 648)
4(648 649 674 673)
4(673 674 699 698)
4(698 699 724 723)
4(599 600 625 624)
4(624 625 650 649)
4(649 650 675 674)
4(674 675 700 699)
4(699 700 725 724)
4(600 601 626 625)
4(625 626 651 650)
4(650 651 676 675)
4(675 676 701 700)
4(700 701 726 725)
4(601 602 627 626)
4(626 627 652 651)
4(651 652 677 676)
4(676 677 702 701)
4(701 702 727 726)
4(602 603 628 627)
4(627 628 653 652)
4(652 653 678 677)
4(677 678 703 702)
4(702 703 728 727)
4(603 604 629 628)
4(628 629 654 653)
4(653 654 679 678)
4(678 679 704 703)
4(703 704 729 728)
4(604 605 630 629)
4(629 630 655 654)
4(654 655 680 679)
4(679 680 705 704)
4(704 705 730 729)
4(605 606 631 630)
4(630 631 656 655)
4(655 656 681 680)
4(680 681 706 705)
4(705 706 731 730)
)


// ************************************************************************* //
