/*--------------------------------*- C++ -*----------------------------------*\
| =========                 |                                                 |
| \\      /  F ield         | OpenFOAM: The Open Source CFD Toolbox           |
|  \\    /   O peration     | Version:  v1912                                 |
|   \\  /    A nd           | Website:  www.openfoam.com                      |
|    \\/     M anipulation  |                                                 |
\*---------------------------------------------------------------------------*/
FoamFile
{
    version     2.0;
    format      ascii;
    class       labelList;
    note        "nPoints:732  nCells:300  nFaces:1265  nInternalFaces:535";
    location    "constant/polyMesh";
    object      neighbour;
}
// * * * * * * * * * * * * * * * * * * * * * * * * * * * * * * * * * * * * * //


535
(
1
25
2
26
3
27
4
28
5
29
6
30
7
31
8
32
9
33
10
34
11
35
12
36
13
37
14
38
15
39
16
40
17
41
18
42
19
43
20
44
21
45
22
46
23
47
24
48
49
125
26
50
27
51
28
52
29
53
30
54
31
55
32
56
33
57
34
58
35
59
36
60
37
61
38
62
39
63
40
64
41
65
42
66
43
67
44
68
45
69
46
70
47
71
48
72
49
73
74
135
51
75
52
76
53
77
54
78
55
79
56
80
57
81
58
82
59
83
60
84
61
85
62
86
63
87
64
88
65
89
66
90
67
91
68
92
69
93
70
94
71
95
72
96
73
97
74
98
99
145
76
100
77
101
78
102
79
103
80
104
81
105
82
106
83
107
84
108
85
109
86
110
87
111
88
112
89
113
90
114
91
115
92
116
93
117
94
118
95
119
96
120
97
121
98
122
99
123
124
155
101
102
103
104
105
106
107
108
109
110
111
112
113
114
115
116
117
118
119
120
121
122
123
124
165
126
135
127
136
128
137
129
138
130
139
131
140
132
141
133
142
134
143
144
175
136
145
137
146
138
147
139
148
140
149
141
150
142
151
143
152
144
153
154
200
146
155
147
156
148
157
149
158
150
159
151
160
152
161
153
162
154
163
164
225
156
165
157
166
158
167
159
168
160
169
161
170
162
171
163
172
164
173
174
250
166
167
168
169
170
171
172
173
174
275
176
200
177
201
178
202
179
203
180
204
181
205
182
206
183
207
184
208
185
209
186
210
187
211
188
212
189
213
190
214
191
215
192
216
193
217
194
218
195
219
196
220
197
221
198
222
199
223
224
201
225
202
226
203
227
204
228
205
229
206
230
207
231
208
232
209
233
210
234
211
235
212
236
213
237
214
238
215
239
216
240
217
241
218
242
219
243
220
244
221
245
222
246
223
247
224
248
249
226
250
227
251
228
252
229
253
230
254
231
255
232
256
233
257
234
258
235
259
236
260
237
261
238
262
239
263
240
264
241
265
242
266
243
267
244
268
245
269
246
270
247
271
248
272
249
273
274
251
275
252
276
253
277
254
278
255
279
256
280
257
281
258
282
259
283
260
284
261
285
262
286
263
287
264
288
265
289
266
290
267
291
268
292
269
293
270
294
271
295
272
296
273
297
274
298
299
276
277
278
279
280
281
282
283
284
285
286
287
288
289
290
291
292
293
294
295
296
297
298
299
)


// ************************************************************************* //
