/*--------------------------------*- C++ -*----------------------------------*\
| =========                 |                                                 |
| \\      /  F ield         | OpenFOAM: The Open Source CFD Toolbox           |
|  \\    /   O peration     | Version:  v1912                                 |
|   \\  /    A nd           | Website:  www.openfoam.com                      |
|    \\/     M anipulation  |                                                 |
\*---------------------------------------------------------------------------*/
FoamFile
{
    version     2.0;
    format      ascii;
    class       labelList;
    note        "nPoints:732  nCells:300  nFaces:1265  nInternalFaces:535";
    location    "constant/polyMesh";
    object      owner;
}
// * * * * * * * * * * * * * * * * * * * * * * * * * * * * * * * * * * * * * //


1265
(
0
0
1
1
2
2
3
3
4
4
5
5
6
6
7
7
8
8
9
9
10
10
11
11
12
12
13
13
14
14
15
15
16
16
17
17
18
18
19
19
20
20
21
21
22
22
23
23
24
24
25
25
26
26
27
27
28
28
29
29
30
30
31
31
32
32
33
33
34
34
35
35
36
36
37
37
38
38
39
39
40
40
41
41
42
42
43
43
44
44
45
45
46
46
47
47
48
48
49
49
50
50
51
51
52
52
53
53
54
54
55
55
56
56
57
57
58
58
59
59
60
60
61
61
62
62
63
63
64
64
65
65
66
66
67
67
68
68
69
69
70
70
71
71
72
72
73
73
74
74
75
75
76
76
77
77
78
78
79
79
80
80
81
81
82
82
83
83
84
84
85
85
86
86
87
87
88
88
89
89
90
90
91
91
92
92
93
93
94
94
95
95
96
96
97
97
98
98
99
99
100
101
102
103
104
105
106
107
108
109
110
111
112
113
114
115
116
117
118
119
120
121
122
123
124
125
125
126
126
127
127
128
128
129
129
130
130
131
131
132
132
133
133
134
134
135
135
136
136
137
137
138
138
139
139
140
140
141
141
142
142
143
143
144
144
145
145
146
146
147
147
148
148
149
149
150
150
151
151
152
152
153
153
154
154
155
155
156
156
157
157
158
158
159
159
160
160
161
161
162
162
163
163
164
164
165
166
167
168
169
170
171
172
173
174
175
175
176
176
177
177
178
178
179
179
180
180
181
181
182
182
183
183
184
184
185
185
186
186
187
187
188
188
189
189
190
190
191
191
192
192
193
193
194
194
195
195
196
196
197
197
198
198
199
200
200
201
201
202
202
203
203
204
204
205
205
206
206
207
207
208
208
209
209
210
210
211
211
212
212
213
213
214
214
215
215
216
216
217
217
218
218
219
219
220
220
221
221
222
222
223
223
224
225
225
226
226
227
227
228
228
229
229
230
230
231
231
232
232
233
233
234
234
235
235
236
236
237
237
238
238
239
239
240
240
241
241
242
242
243
243
244
244
245
245
246
246
247
247
248
248
249
250
250
251
251
252
252
253
253
254
254
255
255
256
256
257
257
258
258
259
259
260
260
261
261
262
262
263
263
264
264
265
265
266
266
267
267
268
268
269
269
270
270
271
271
272
272
273
273
274
275
276
277
278
279
280
281
282
283
284
285
286
287
288
289
290
291
292
293
294
295
296
297
298
0
25
50
75
100
199
224
249
274
299
100
101
102
103
104
105
106
107
108
109
110
111
112
113
114
115
116
117
118
119
120
121
122
123
124
0
1
2
3
4
5
6
7
8
9
10
11
12
13
14
15
16
17
18
19
20
21
22
23
24
275
276
277
278
279
280
281
282
283
284
285
286
287
288
289
290
291
292
293
294
295
296
297
298
299
175
176
177
178
179
180
181
182
183
184
185
186
187
188
189
190
191
192
193
194
195
196
197
198
199
0
25
50
75
100
1
26
51
76
101
2
27
52
77
102
3
28
53
78
103
4
29
54
79
104
5
30
55
80
105
6
31
56
81
106
7
32
57
82
107
8
33
58
83
108
9
34
59
84
109
10
35
60
85
110
11
36
61
86
111
12
37
62
87
112
13
38
63
88
113
14
39
64
89
114
15
40
65
90
115
16
41
66
91
116
17
42
67
92
117
18
43
68
93
118
19
44
69
94
119
20
45
70
95
120
21
46
71
96
121
22
47
72
97
122
23
48
73
98
123
24
49
74
99
124
0
25
50
75
100
1
26
51
76
101
2
27
52
77
102
3
28
53
78
103
4
29
54
79
104
5
30
55
80
105
6
31
56
81
106
7
32
57
82
107
8
33
58
83
108
9
34
59
84
109
10
35
60
85
110
11
36
61
86
111
12
37
62
87
112
13
38
63
88
113
14
39
64
89
114
15
40
65
90
115
16
41
66
91
116
17
42
67
92
117
18
43
68
93
118
19
44
69
94
119
20
45
70
95
120
21
46
71
96
121
22
47
72
97
122
23
48
73
98
123
24
49
74
99
124
125
126
127
128
129
130
131
132
133
134
165
166
167
168
169
170
171
172
173
174
125
135
145
155
165
126
136
146
156
166
127
137
147
157
167
128
138
148
158
168
129
139
149
159
169
130
140
150
160
170
131
141
151
161
171
132
142
152
162
172
133
143
153
163
173
134
144
154
164
174
125
135
145
155
165
126
136
146
156
166
127
137
147
157
167
128
138
148
158
168
129
139
149
159
169
130
140
150
160
170
131
141
151
161
171
132
142
152
162
172
133
143
153
163
173
134
144
154
164
174
175
200
225
250
275
176
201
226
251
276
177
202
227
252
277
178
203
228
253
278
179
204
229
254
279
180
205
230
255
280
181
206
231
256
281
182
207
232
257
282
183
208
233
258
283
184
209
234
259
284
185
210
235
260
285
186
211
236
261
286
187
212
237
262
287
188
213
238
263
288
189
214
239
264
289
190
215
240
265
290
191
216
241
266
291
192
217
242
267
292
193
218
243
268
293
194
219
244
269
294
195
220
245
270
295
196
221
246
271
296
197
222
247
272
297
198
223
248
273
298
199
224
249
274
299
175
200
225
250
275
176
201
226
251
276
177
202
227
252
277
178
203
228
253
278
179
204
229
254
279
180
205
230
255
280
181
206
231
256
281
182
207
232
257
282
183
208
233
258
283
184
209
234
259
284
185
210
235
260
285
186
211
236
261
286
187
212
237
262
287
188
213
238
263
288
189
214
239
264
289
190
215
240
265
290
191
216
241
266
291
192
217
242
267
292
193
218
243
268
293
194
219
244
269
294
195
220
245
270
295
196
221
246
271
296
197
222
247
272
297
198
223
248
273
298
199
224
249
274
299
)


// ************************************************************************* //
