/*--------------------------------*- C++ -*----------------------------------*\
| =========                 |                                                 |
| \\      /  F ield         | OpenFOAM: The Open Source CFD Toolbox           |
|  \\    /   O peration     | Version:  v1912                                 |
|   \\  /    A nd           | Website:  www.openfoam.com                      |
|    \\/     M anipulation  |                                                 |
\*---------------------------------------------------------------------------*/
FoamFile
{
    version     2.0;
    format      ascii;
    class       vectorField;
    location    "constant/polyMesh";
    object      points;
}
// * * * * * * * * * * * * * * * * * * * * * * * * * * * * * * * * * * * * * //


732
(
(-0.03 -0.0025 -0.0005)
(-0.029 -0.0025 -0.0005)
(-0.028 -0.0025 -0.0005)
(-0.027 -0.0025 -0.0005)
(-0.026 -0.0025 -0.0005)
(-0.025 -0.0025 -0.0005)
(-0.024 -0.0025 -0.0005)
(-0.023 -0.0025 -0.0005)
(-0.022 -0.0025 -0.0005)
(-0.021 -0.0025 -0.0005)
(-0.02 -0.0025 -0.0005)
(-0.019 -0.0025 -0.0005)
(-0.018 -0.0025 -0.0005)
(-0.017 -0.0025 -0.0005)
(-0.016 -0.0025 -0.0005)
(-0.015 -0.0025 -0.0005)
(-0.014 -0.0025 -0.0005)
(-0.013 -0.0025 -0.0005)
(-0.012 -0.0025 -0.0005)
(-0.011 -0.0025 -0.0005)
(-0.01 -0.0025 -0.0005)
(-0.009 -0.0025 -0.0005)
(-0.008 -0.0025 -0.0005)
(-0.007 -0.0025 -0.0005)
(-0.006 -0.0025 -0.0005)
(-0.005 -0.0025 -0.0005)
(-0.03 -0.0015 -0.0005)
(-0.029 -0.0015 -0.0005)
(-0.028 -0.0015 -0.0005)
(-0.027 -0.0015 -0.0005)
(-0.026 -0.0015 -0.0005)
(-0.025 -0.0015 -0.0005)
(-0.024 -0.0015 -0.0005)
(-0.023 -0.0015 -0.0005)
(-0.022 -0.0015 -0.0005)
(-0.021 -0.0015 -0.0005)
(-0.02 -0.0015 -0.0005)
(-0.019 -0.0015 -0.0005)
(-0.018 -0.0015 -0.0005)
(-0.017 -0.0015 -0.0005)
(-0.016 -0.0015 -0.0005)
(-0.015 -0.0015 -0.0005)
(-0.014 -0.0015 -0.0005)
(-0.013 -0.0015 -0.0005)
(-0.012 -0.0015 -0.0005)
(-0.011 -0.0015 -0.0005)
(-0.01 -0.0015 -0.0005)
(-0.009 -0.0015 -0.0005)
(-0.008 -0.0015 -0.0005)
(-0.007 -0.0015 -0.0005)
(-0.006 -0.0015 -0.0005)
(-0.005 -0.0015 -0.0005)
(-0.03 -0.0005 -0.0005)
(-0.029 -0.0005 -0.0005)
(-0.028 -0.0005 -0.0005)
(-0.027 -0.0005 -0.0005)
(-0.026 -0.0005 -0.0005)
(-0.025 -0.0005 -0.0005)
(-0.024 -0.0005 -0.0005)
(-0.023 -0.0005 -0.0005)
(-0.022 -0.0005 -0.0005)
(-0.021 -0.0005 -0.0005)
(-0.02 -0.0005 -0.0005)
(-0.019 -0.0005 -0.0005)
(-0.018 -0.0005 -0.0005)
(-0.017 -0.0005 -0.0005)
(-0.016 -0.0005 -0.0005)
(-0.015 -0.0005 -0.0005)
(-0.014 -0.0005 -0.0005)
(-0.013 -0.0005 -0.0005)
(-0.012 -0.0005 -0.0005)
(-0.011 -0.0005 -0.0005)
(-0.01 -0.0005 -0.0005)
(-0.009 -0.0005 -0.0005)
(-0.008 -0.0005 -0.0005)
(-0.007 -0.0005 -0.0005)
(-0.006 -0.0005 -0.0005)
(-0.005 -0.0005 -0.0005)
(-0.03 0.0005 -0.0005)
(-0.029 0.0005 -0.0005)
(-0.028 0.0005 -0.0005)
(-0.027 0.0005 -0.0005)
(-0.026 0.0005 -0.0005)
(-0.025 0.0005 -0.0005)
(-0.024 0.0005 -0.0005)
(-0.023 0.0005 -0.0005)
(-0.022 0.0005 -0.0005)
(-0.021 0.0005 -0.0005)
(-0.02 0.0005 -0.0005)
(-0.019 0.0005 -0.0005)
(-0.018 0.0005 -0.0005)
(-0.017 0.0005 -0.0005)
(-0.016 0.0005 -0.0005)
(-0.015 0.0005 -0.0005)
(-0.014 0.0005 -0.0005)
(-0.013 0.0005 -0.0005)
(-0.012 0.0005 -0.0005)
(-0.011 0.0005 -0.0005)
(-0.01 0.0005 -0.0005)
(-0.009 0.0005 -0.0005)
(-0.008 0.0005 -0.0005)
(-0.007 0.0005 -0.0005)
(-0.006 0.0005 -0.0005)
(-0.005 0.0005 -0.0005)
(-0.03 0.0015 -0.0005)
(-0.029 0.0015 -0.0005)
(-0.028 0.0015 -0.0005)
(-0.027 0.0015 -0.0005)
(-0.026 0.0015 -0.0005)
(-0.025 0.0015 -0.0005)
(-0.024 0.0015 -0.0005)
(-0.023 0.0015 -0.0005)
(-0.022 0.0015 -0.0005)
(-0.021 0.0015 -0.0005)
(-0.02 0.0015 -0.0005)
(-0.019 0.0015 -0.0005)
(-0.018 0.0015 -0.0005)
(-0.017 0.0015 -0.0005)
(-0.016 0.0015 -0.0005)
(-0.015 0.0015 -0.0005)
(-0.014 0.0015 -0.0005)
(-0.013 0.0015 -0.0005)
(-0.012 0.0015 -0.0005)
(-0.011 0.0015 -0.0005)
(-0.01 0.0015 -0.0005)
(-0.009 0.0015 -0.0005)
(-0.008 0.0015 -0.0005)
(-0.007 0.0015 -0.0005)
(-0.006 0.0015 -0.0005)
(-0.005 0.0015 -0.0005)
(-0.03 0.0025 -0.0005)
(-0.029 0.0025 -0.0005)
(-0.028 0.0025 -0.0005)
(-0.027 0.0025 -0.0005)
(-0.026 0.0025 -0.0005)
(-0.025 0.0025 -0.0005)
(-0.024 0.0025 -0.0005)
(-0.023 0.0025 -0.0005)
(-0.022 0.0025 -0.0005)
(-0.021 0.0025 -0.0005)
(-0.02 0.0025 -0.0005)
(-0.019 0.0025 -0.0005)
(-0.018 0.0025 -0.0005)
(-0.017 0.0025 -0.0005)
(-0.016 0.0025 -0.0005)
(-0.015 0.0025 -0.0005)
(-0.014 0.0025 -0.0005)
(-0.013 0.0025 -0.0005)
(-0.012 0.0025 -0.0005)
(-0.011 0.0025 -0.0005)
(-0.01 0.0025 -0.0005)
(-0.009 0.0025 -0.0005)
(-0.008 0.0025 -0.0005)
(-0.007 0.0025 -0.0005)
(-0.006 0.0025 -0.0005)
(-0.005 0.0025 -0.0005)
(-0.03 -0.0025 0.0005)
(-0.029 -0.0025 0.0005)
(-0.028 -0.0025 0.0005)
(-0.027 -0.0025 0.0005)
(-0.026 -0.0025 0.0005)
(-0.025 -0.0025 0.0005)
(-0.024 -0.0025 0.0005)
(-0.023 -0.0025 0.0005)
(-0.022 -0.0025 0.0005)
(-0.021 -0.0025 0.0005)
(-0.02 -0.0025 0.0005)
(-0.019 -0.0025 0.0005)
(-0.018 -0.0025 0.0005)
(-0.017 -0.0025 0.0005)
(-0.016 -0.0025 0.0005)
(-0.015 -0.0025 0.0005)
(-0.014 -0.0025 0.0005)
(-0.013 -0.0025 0.0005)
(-0.012 -0.0025 0.0005)
(-0.011 -0.0025 0.0005)
(-0.01 -0.0025 0.0005)
(-0.009 -0.0025 0.0005)
(-0.008 -0.0025 0.0005)
(-0.007 -0.0025 0.0005)
(-0.006 -0.0025 0.0005)
(-0.005 -0.0025 0.0005)
(-0.03 -0.0015 0.0005)
(-0.029 -0.0015 0.0005)
(-0.028 -0.0015 0.0005)
(-0.027 -0.0015 0.0005)
(-0.026 -0.0015 0.0005)
(-0.025 -0.0015 0.0005)
(-0.024 -0.0015 0.0005)
(-0.023 -0.0015 0.0005)
(-0.022 -0.0015 0.0005)
(-0.021 -0.0015 0.0005)
(-0.02 -0.0015 0.0005)
(-0.019 -0.0015 0.0005)
(-0.018 -0.0015 0.0005)
(-0.017 -0.0015 0.0005)
(-0.016 -0.0015 0.0005)
(-0.015 -0.0015 0.0005)
(-0.014 -0.0015 0.0005)
(-0.013 -0.0015 0.0005)
(-0.012 -0.0015 0.0005)
(-0.011 -0.0015 0.0005)
(-0.01 -0.0015 0.0005)
(-0.009 -0.0015 0.0005)
(-0.008 -0.0015 0.0005)
(-0.007 -0.0015 0.0005)
(-0.006 -0.0015 0.0005)
(-0.005 -0.0015 0.0005)
(-0.03 -0.0005 0.0005)
(-0.029 -0.0005 0.0005)
(-0.028 -0.0005 0.0005)
(-0.027 -0.0005 0.0005)
(-0.026 -0.0005 0.0005)
(-0.025 -0.0005 0.0005)
(-0.024 -0.0005 0.0005)
(-0.023 -0.0005 0.0005)
(-0.022 -0.0005 0.0005)
(-0.021 -0.0005 0.0005)
(-0.02 -0.0005 0.0005)
(-0.019 -0.0005 0.0005)
(-0.018 -0.0005 0.0005)
(-0.017 -0.0005 0.0005)
(-0.016 -0.0005 0.0005)
(-0.015 -0.0005 0.0005)
(-0.014 -0.0005 0.0005)
(-0.013 -0.0005 0.0005)
(-0.012 -0.0005 0.0005)
(-0.011 -0.0005 0.0005)
(-0.01 -0.0005 0.0005)
(-0.009 -0.0005 0.0005)
(-0.008 -0.0005 0.0005)
(-0.007 -0.0005 0.0005)
(-0.006 -0.0005 0.0005)
(-0.005 -0.0005 0.0005)
(-0.03 0.0005 0.0005)
(-0.029 0.0005 0.0005)
(-0.028 0.0005 0.0005)
(-0.027 0.0005 0.0005)
(-0.026 0.0005 0.0005)
(-0.025 0.0005 0.0005)
(-0.024 0.0005 0.0005)
(-0.023 0.0005 0.0005)
(-0.022 0.0005 0.0005)
(-0.021 0.0005 0.0005)
(-0.02 0.0005 0.0005)
(-0.019 0.0005 0.0005)
(-0.018 0.0005 0.0005)
(-0.017 0.0005 0.0005)
(-0.016 0.0005 0.0005)
(-0.015 0.0005 0.0005)
(-0.014 0.0005 0.0005)
(-0.013 0.0005 0.0005)
(-0.012 0.0005 0.0005)
(-0.011 0.0005 0.0005)
(-0.01 0.0005 0.0005)
(-0.009 0.0005 0.0005)
(-0.008 0.0005 0.0005)
(-0.007 0.0005 0.0005)
(-0.006 0.0005 0.0005)
(-0.005 0.0005 0.0005)
(-0.03 0.0015 0.0005)
(-0.029 0.0015 0.0005)
(-0.028 0.0015 0.0005)
(-0.027 0.0015 0.0005)
(-0.026 0.0015 0.0005)
(-0.025 0.0015 0.0005)
(-0.024 0.0015 0.0005)
(-0.023 0.0015 0.0005)
(-0.022 0.0015 0.0005)
(-0.021 0.0015 0.0005)
(-0.02 0.0015 0.0005)
(-0.019 0.0015 0.0005)
(-0.018 0.0015 0.0005)
(-0.017 0.0015 0.0005)
(-0.016 0.0015 0.0005)
(-0.015 0.0015 0.0005)
(-0.014 0.0015 0.0005)
(-0.013 0.0015 0.0005)
(-0.012 0.0015 0.0005)
(-0.011 0.0015 0.0005)
(-0.01 0.0015 0.0005)
(-0.009 0.0015 0.0005)
(-0.008 0.0015 0.0005)
(-0.007 0.0015 0.0005)
(-0.006 0.0015 0.0005)
(-0.005 0.0015 0.0005)
(-0.03 0.0025 0.0005)
(-0.029 0.0025 0.0005)
(-0.028 0.0025 0.0005)
(-0.027 0.0025 0.0005)
(-0.026 0.0025 0.0005)
(-0.025 0.0025 0.0005)
(-0.024 0.0025 0.0005)
(-0.023 0.0025 0.0005)
(-0.022 0.0025 0.0005)
(-0.021 0.0025 0.0005)
(-0.02 0.0025 0.0005)
(-0.019 0.0025 0.0005)
(-0.018 0.0025 0.0005)
(-0.017 0.0025 0.0005)
(-0.016 0.0025 0.0005)
(-0.015 0.0025 0.0005)
(-0.014 0.0025 0.0005)
(-0.013 0.0025 0.0005)
(-0.012 0.0025 0.0005)
(-0.011 0.0025 0.0005)
(-0.01 0.0025 0.0005)
(-0.009 0.0025 0.0005)
(-0.008 0.0025 0.0005)
(-0.007 0.0025 0.0005)
(-0.006 0.0025 0.0005)
(-0.005 0.0025 0.0005)
(-0.004083975352 -0.00196988217 -0.0005)
(-0.00311250607 -0.001549913714 -0.0005)
(-0.002098780961 -0.001245796181 -0.0005)
(-0.001056562503 -0.001061658316 -0.0005)
(-8.881784197e-19 -0.001 -0.0005)
(0.001056562503 -0.001061658316 -0.0005)
(0.002098780961 -0.001245796181 -0.0005)
(0.00311250607 -0.001549913714 -0.0005)
(0.004083975352 -0.00196988217 -0.0005)
(0.005 -0.0025 -0.0005)
(-0.004083975352 -0.001181929302 -0.0005)
(-0.00311250607 -0.0009299482281 -0.0005)
(-0.002098780961 -0.0007474777086 -0.0005)
(-0.001056562503 -0.0006369949895 -0.0005)
(-5.329070518e-19 -0.0006 -0.0005)
(0.001056562503 -0.0006369949895 -0.0005)
(0.002098780961 -0.0007474777086 -0.0005)
(0.00311250607 -0.0009299482281 -0.0005)
(0.004083975352 -0.001181929302 -0.0005)
(0.005 -0.0015 -0.0005)
(-0.004083975352 -0.0003939764341 -0.0005)
(-0.00311250607 -0.0003099827427 -0.0005)
(-0.002098780961 -0.0002491592362 -0.0005)
(-0.001056562503 -0.0002123316632 -0.0005)
(-1.776356839e-19 -0.0002 -0.0005)
(0.001056562503 -0.0002123316632 -0.0005)
(0.002098780961 -0.0002491592362 -0.0005)
(0.00311250607 -0.0003099827427 -0.0005)
(0.004083975352 -0.0003939764341 -0.0005)
(0.005 -0.0005 -0.0005)
(-0.004083975352 0.0003939764341 -0.0005)
(-0.00311250607 0.0003099827427 -0.0005)
(-0.002098780961 0.0002491592362 -0.0005)
(-0.001056562503 0.0002123316632 -0.0005)
(1.776356839e-19 0.0002 -0.0005)
(0.001056562503 0.0002123316632 -0.0005)
(0.002098780961 0.0002491592362 -0.0005)
(0.00311250607 0.0003099827427 -0.0005)
(0.004083975352 0.0003939764341 -0.0005)
(0.005 0.0005 -0.0005)
(-0.004083975352 0.001181929302 -0.0005)
(-0.00311250607 0.0009299482281 -0.0005)
(-0.002098780961 0.0007474777086 -0.0005)
(-0.001056562503 0.0006369949895 -0.0005)
(5.329070518e-19 0.0006 -0.0005)
(0.001056562503 0.0006369949895 -0.0005)
(0.002098780961 0.0007474777086 -0.0005)
(0.00311250607 0.0009299482281 -0.0005)
(0.004083975352 0.001181929302 -0.0005)
(0.005 0.0015 -0.0005)
(-0.004083975352 0.00196988217 -0.0005)
(-0.00311250607 0.001549913714 -0.0005)
(-0.002098780961 0.001245796181 -0.0005)
(-0.001056562503 0.001061658316 -0.0005)
(8.881784197e-19 0.001 -0.0005)
(0.001056562503 0.001061658316 -0.0005)
(0.002098780961 0.001245796181 -0.0005)
(0.00311250607 0.001549913714 -0.0005)
(0.004083975352 0.00196988217 -0.0005)
(0.005 0.0025 -0.0005)
(-0.004083975352 -0.00196988217 0.0005)
(-0.00311250607 -0.001549913714 0.0005)
(-0.002098780961 -0.001245796181 0.0005)
(-0.001056562503 -0.001061658316 0.0005)
(-8.881784197e-19 -0.001 0.0005)
(0.001056562503 -0.001061658316 0.0005)
(0.002098780961 -0.001245796181 0.0005)
(0.00311250607 -0.001549913714 0.0005)
(0.004083975352 -0.00196988217 0.0005)
(0.005 -0.0025 0.0005)
(-0.004083975352 -0.001181929302 0.0005)
(-0.00311250607 -0.0009299482281 0.0005)
(-0.002098780961 -0.0007474777086 0.0005)
(-0.001056562503 -0.0006369949895 0.0005)
(-5.329070518e-19 -0.0006 0.0005)
(0.001056562503 -0.0006369949895 0.0005)
(0.002098780961 -0.0007474777086 0.0005)
(0.00311250607 -0.0009299482281 0.0005)
(0.004083975352 -0.001181929302 0.0005)
(0.005 -0.0015 0.0005)
(-0.004083975352 -0.0003939764341 0.0005)
(-0.00311250607 -0.0003099827427 0.0005)
(-0.002098780961 -0.0002491592362 0.0005)
(-0.001056562503 -0.0002123316632 0.0005)
(-1.776356839e-19 -0.0002 0.0005)
(0.001056562503 -0.0002123316632 0.0005)
(0.002098780961 -0.0002491592362 0.0005)
(0.00311250607 -0.0003099827427 0.0005)
(0.004083975352 -0.0003939764341 0.0005)
(0.005 -0.0005 0.0005)
(-0.004083975352 0.0003939764341 0.0005)
(-0.00311250607 0.0003099827427 0.0005)
(-0.002098780961 0.0002491592362 0.0005)
(-0.001056562503 0.0002123316632 0.0005)
(1.776356839e-19 0.0002 0.0005)
(0.001056562503 0.0002123316632 0.0005)
(0.002098780961 0.0002491592362 0.0005)
(0.00311250607 0.0003099827427 0.0005)
(0.004083975352 0.0003939764341 0.0005)
(0.005 0.0005 0.0005)
(-0.004083975352 0.001181929302 0.0005)
(-0.00311250607 0.0009299482281 0.0005)
(-0.002098780961 0.0007474777086 0.0005)
(-0.001056562503 0.0006369949895 0.0005)
(5.329070518e-19 0.0006 0.0005)
(0.001056562503 0.0006369949895 0.0005)
(0.002098780961 0.0007474777086 0.0005)
(0.00311250607 0.0009299482281 0.0005)
(0.004083975352 0.001181929302 0.0005)
(0.005 0.0015 0.0005)
(-0.004083975352 0.00196988217 0.0005)
(-0.00311250607 0.001549913714 0.0005)
(-0.002098780961 0.001245796181 0.0005)
(-0.001056562503 0.001061658316 0.0005)
(8.881784197e-19 0.001 0.0005)
(0.001056562503 0.001061658316 0.0005)
(0.002098780961 0.001245796181 0.0005)
(0.00311250607 0.001549913714 0.0005)
(0.004083975352 0.00196988217 0.0005)
(0.005 0.0025 0.0005)
(0.006 -0.0025 -0.0005)
(0.007 -0.0025 -0.0005)
(0.008 -0.0025 -0.0005)
(0.009 -0.0025 -0.0005)
(0.01 -0.0025 -0.0005)
(0.011 -0.0025 -0.0005)
(0.012 -0.0025 -0.0005)
(0.013 -0.0025 -0.0005)
(0.014 -0.0025 -0.0005)
(0.015 -0.0025 -0.0005)
(0.016 -0.0025 -0.0005)
(0.017 -0.0025 -0.0005)
(0.018 -0.0025 -0.0005)
(0.019 -0.0025 -0.0005)
(0.02 -0.0025 -0.0005)
(0.021 -0.0025 -0.0005)
(0.022 -0.0025 -0.0005)
(0.023 -0.0025 -0.0005)
(0.024 -0.0025 -0.0005)
(0.025 -0.0025 -0.0005)
(0.026 -0.0025 -0.0005)
(0.027 -0.0025 -0.0005)
(0.028 -0.0025 -0.0005)
(0.029 -0.0025 -0.0005)
(0.03 -0.0025 -0.0005)
(0.006 -0.0015 -0.0005)
(0.007 -0.0015 -0.0005)
(0.008 -0.0015 -0.0005)
(0.009 -0.0015 -0.0005)
(0.01 -0.0015 -0.0005)
(0.011 -0.0015 -0.0005)
(0.012 -0.0015 -0.0005)
(0.013 -0.0015 -0.0005)
(0.014 -0.0015 -0.0005)
(0.015 -0.0015 -0.0005)
(0.016 -0.0015 -0.0005)
(0.017 -0.0015 -0.0005)
(0.018 -0.0015 -0.0005)
(0.019 -0.0015 -0.0005)
(0.02 -0.0015 -0.0005)
(0.021 -0.0015 -0.0005)
(0.022 -0.0015 -0.0005)
(0.023 -0.0015 -0.0005)
(0.024 -0.0015 -0.0005)
(0.025 -0.0015 -0.0005)
(0.026 -0.0015 -0.0005)
(0.027 -0.0015 -0.0005)
(0.028 -0.0015 -0.0005)
(0.029 -0.0015 -0.0005)
(0.03 -0.0015 -0.0005)
(0.006 -0.0005 -0.0005)
(0.007 -0.0005 -0.0005)
(0.008 -0.0005 -0.0005)
(0.009 -0.0005 -0.0005)
(0.01 -0.0005 -0.0005)
(0.011 -0.0005 -0.0005)
(0.012 -0.0005 -0.0005)
(0.013 -0.0005 -0.0005)
(0.014 -0.0005 -0.0005)
(0.015 -0.0005 -0.0005)
(0.016 -0.0005 -0.0005)
(0.017 -0.0005 -0.0005)
(0.018 -0.0005 -0.0005)
(0.019 -0.0005 -0.0005)
(0.02 -0.0005 -0.0005)
(0.021 -0.0005 -0.0005)
(0.022 -0.0005 -0.0005)
(0.023 -0.0005 -0.0005)
(0.024 -0.0005 -0.0005)
(0.025 -0.0005 -0.0005)
(0.026 -0.0005 -0.0005)
(0.027 -0.0005 -0.0005)
(0.028 -0.0005 -0.0005)
(0.029 -0.0005 -0.0005)
(0.03 -0.0005 -0.0005)
(0.006 0.0005 -0.0005)
(0.007 0.0005 -0.0005)
(0.008 0.0005 -0.0005)
(0.009 0.0005 -0.0005)
(0.01 0.0005 -0.0005)
(0.011 0.0005 -0.0005)
(0.012 0.0005 -0.0005)
(0.013 0.0005 -0.0005)
(0.014 0.0005 -0.0005)
(0.015 0.0005 -0.0005)
(0.016 0.0005 -0.0005)
(0.017 0.0005 -0.0005)
(0.018 0.0005 -0.0005)
(0.019 0.0005 -0.0005)
(0.02 0.0005 -0.0005)
(0.021 0.0005 -0.0005)
(0.022 0.0005 -0.0005)
(0.023 0.0005 -0.0005)
(0.024 0.0005 -0.0005)
(0.025 0.0005 -0.0005)
(0.026 0.0005 -0.0005)
(0.027 0.0005 -0.0005)
(0.028 0.0005 -0.0005)
(0.029 0.0005 -0.0005)
(0.03 0.0005 -0.0005)
(0.006 0.0015 -0.0005)
(0.007 0.0015 -0.0005)
(0.008 0.0015 -0.0005)
(0.009 0.0015 -0.0005)
(0.01 0.0015 -0.0005)
(0.011 0.0015 -0.0005)
(0.012 0.0015 -0.0005)
(0.013 0.0015 -0.0005)
(0.014 0.0015 -0.0005)
(0.015 0.0015 -0.0005)
(0.016 0.0015 -0.0005)
(0.017 0.0015 -0.0005)
(0.018 0.0015 -0.0005)
(0.019 0.0015 -0.0005)
(0.02 0.0015 -0.0005)
(0.021 0.0015 -0.0005)
(0.022 0.0015 -0.0005)
(0.023 0.0015 -0.0005)
(0.024 0.0015 -0.0005)
(0.025 0.0015 -0.0005)
(0.026 0.0015 -0.0005)
(0.027 0.0015 -0.0005)
(0.028 0.0015 -0.0005)
(0.029 0.0015 -0.0005)
(0.03 0.0015 -0.0005)
(0.006 0.0025 -0.0005)
(0.007 0.0025 -0.0005)
(0.008 0.0025 -0.0005)
(0.009 0.0025 -0.0005)
(0.01 0.0025 -0.0005)
(0.011 0.0025 -0.0005)
(0.012 0.0025 -0.0005)
(0.013 0.0025 -0.0005)
(0.014 0.0025 -0.0005)
(0.015 0.0025 -0.0005)
(0.016 0.0025 -0.0005)
(0.017 0.0025 -0.0005)
(0.018 0.0025 -0.0005)
(0.019 0.0025 -0.0005)
(0.02 0.0025 -0.0005)
(0.021 0.0025 -0.0005)
(0.022 0.0025 -0.0005)
(0.023 0.0025 -0.0005)
(0.024 0.0025 -0.0005)
(0.025 0.0025 -0.0005)
(0.026 0.0025 -0.0005)
(0.027 0.0025 -0.0005)
(0.028 0.0025 -0.0005)
(0.029 0.0025 -0.0005)
(0.03 0.0025 -0.0005)
(0.006 -0.0025 0.0005)
(0.007 -0.0025 0.0005)
(0.008 -0.0025 0.0005)
(0.009 -0.0025 0.0005)
(0.01 -0.0025 0.0005)
(0.011 -0.0025 0.0005)
(0.012 -0.0025 0.0005)
(0.013 -0.0025 0.0005)
(0.014 -0.0025 0.0005)
(0.015 -0.0025 0.0005)
(0.016 -0.0025 0.0005)
(0.017 -0.0025 0.0005)
(0.018 -0.0025 0.0005)
(0.019 -0.0025 0.0005)
(0.02 -0.0025 0.0005)
(0.021 -0.0025 0.0005)
(0.022 -0.0025 0.0005)
(0.023 -0.0025 0.0005)
(0.024 -0.0025 0.0005)
(0.025 -0.0025 0.0005)
(0.026 -0.0025 0.0005)
(0.027 -0.0025 0.0005)
(0.028 -0.0025 0.0005)
(0.029 -0.0025 0.0005)
(0.03 -0.0025 0.0005)
(0.006 -0.0015 0.0005)
(0.007 -0.0015 0.0005)
(0.008 -0.0015 0.0005)
(0.009 -0.0015 0.0005)
(0.01 -0.0015 0.0005)
(0.011 -0.0015 0.0005)
(0.012 -0.0015 0.0005)
(0.013 -0.0015 0.0005)
(0.014 -0.0015 0.0005)
(0.015 -0.0015 0.0005)
(0.016 -0.0015 0.0005)
(0.017 -0.0015 0.0005)
(0.018 -0.0015 0.0005)
(0.019 -0.0015 0.0005)
(0.02 -0.0015 0.0005)
(0.021 -0.0015 0.0005)
(0.022 -0.0015 0.0005)
(0.023 -0.0015 0.0005)
(0.024 -0.0015 0.0005)
(0.025 -0.0015 0.0005)
(0.026 -0.0015 0.0005)
(0.027 -0.0015 0.0005)
(0.028 -0.0015 0.0005)
(0.029 -0.0015 0.0005)
(0.03 -0.0015 0.0005)
(0.006 -0.0005 0.0005)
(0.007 -0.0005 0.0005)
(0.008 -0.0005 0.0005)
(0.009 -0.0005 0.0005)
(0.01 -0.0005 0.0005)
(0.011 -0.0005 0.0005)
(0.012 -0.0005 0.0005)
(0.013 -0.0005 0.0005)
(0.014 -0.0005 0.0005)
(0.015 -0.0005 0.0005)
(0.016 -0.0005 0.0005)
(0.017 -0.0005 0.0005)
(0.018 -0.0005 0.0005)
(0.019 -0.0005 0.0005)
(0.02 -0.0005 0.0005)
(0.021 -0.0005 0.0005)
(0.022 -0.0005 0.0005)
(0.023 -0.0005 0.0005)
(0.024 -0.0005 0.0005)
(0.025 -0.0005 0.0005)
(0.026 -0.0005 0.0005)
(0.027 -0.0005 0.0005)
(0.028 -0.0005 0.0005)
(0.029 -0.0005 0.0005)
(0.03 -0.0005 0.0005)
(0.006 0.0005 0.0005)
(0.007 0.0005 0.0005)
(0.008 0.0005 0.0005)
(0.009 0.0005 0.0005)
(0.01 0.0005 0.0005)
(0.011 0.0005 0.0005)
(0.012 0.0005 0.0005)
(0.013 0.0005 0.0005)
(0.014 0.0005 0.0005)
(0.015 0.0005 0.0005)
(0.016 0.0005 0.0005)
(0.017 0.0005 0.0005)
(0.018 0.0005 0.0005)
(0.019 0.0005 0.0005)
(0.02 0.0005 0.0005)
(0.021 0.0005 0.0005)
(0.022 0.0005 0.0005)
(0.023 0.0005 0.0005)
(0.024 0.0005 0.0005)
(0.025 0.0005 0.0005)
(0.026 0.0005 0.0005)
(0.027 0.0005 0.0005)
(0.028 0.0005 0.0005)
(0.029 0.0005 0.0005)
(0.03 0.0005 0.0005)
(0.006 0.0015 0.0005)
(0.007 0.0015 0.0005)
(0.008 0.0015 0.0005)
(0.009 0.0015 0.0005)
(0.01 0.0015 0.0005)
(0.011 0.0015 0.0005)
(0.012 0.0015 0.0005)
(0.013 0.0015 0.0005)
(0.014 0.0015 0.0005)
(0.015 0.0015 0.0005)
(0.016 0.0015 0.0005)
(0.017 0.0015 0.0005)
(0.018 0.0015 0.0005)
(0.019 0.0015 0.0005)
(0.02 0.0015 0.0005)
(0.021 0.0015 0.0005)
(0.022 0.0015 0.0005)
(0.023 0.0015 0.0005)
(0.024 0.0015 0.0005)
(0.025 0.0015 0.0005)
(0.026 0.0015 0.0005)
(0.027 0.0015 0.0005)
(0.028 0.0015 0.0005)
(0.029 0.0015 0.0005)
(0.03 0.0015 0.0005)
(0.006 0.0025 0.0005)
(0.007 0.0025 0.0005)
(0.008 0.0025 0.0005)
(0.009 0.0025 0.0005)
(0.01 0.0025 0.0005)
(0.011 0.0025 0.0005)
(0.012 0.0025 0.0005)
(0.013 0.0025 0.0005)
(0.014 0.0025 0.0005)
(0.015 0.0025 0.0005)
(0.016 0.0025 0.0005)
(0.017 0.0025 0.0005)
(0.018 0.0025 0.0005)
(0.019 0.0025 0.0005)
(0.02 0.0025 0.0005)
(0.021 0.0025 0.0005)
(0.022 0.0025 0.0005)
(0.023 0.0025 0.0005)
(0.024 0.0025 0.0005)
(0.025 0.0025 0.0005)
(0.026 0.0025 0.0005)
(0.027 0.0025 0.0005)
(0.028 0.0025 0.0005)
(0.029 0.0025 0.0005)
(0.03 0.0025 0.0005)
)


// ************************************************************************* //
