2212
(
	(0.0	0.0	0.0)
	(0.0	0.0	0.0)
	(0.0	0.0	0.0)
	(0.0	0.0	0.0)
	(0.0	0.0	0.0)
	(0.0	0.0	0.0)
	(0.0	0.0	0.0)
	(0.0	0.0	0.0)
	(0.0	0.0	0.0)
	(0.0	0.0	0.0)
	(0.0	0.0	0.0)
	(0.0	0.0	0.0)
	(0.0	0.0	0.0)
	(0.0	0.0	0.0)
	(0.0	0.0	0.0)
	(0.0	0.0	0.0)
	(0.0	0.0	0.0)
	(0.0	0.0	0.0)
	(0.0	0.0	0.0)
	(0.0	0.0	0.0)
	(0.0	0.0	0.0)
	(0.0	0.0	0.0)
	(0.0	0.0	0.0)
	(0.0	0.0	0.0)
	(0.0	0.0	0.0)
	(0.0	0.0	0.0)
	(0.0	0.0	0.0)
	(0.0	0.0	0.0)
	(0.0	0.0	0.0)
	(0.0	0.0	0.0)
	(0.0	0.0	0.0)
	(0.0	0.0	0.0)
	(0.0	0.0	0.0)
	(0.0	0.0	0.0)
	(0.0	0.0	0.0)
	(0.0	0.0	0.0)
	(0.0	0.0	0.0)
	(0.0	0.0	0.0)
	(0.0	0.0	0.0)
	(0.0	0.0	0.0)
	(0.0	0.0	0.0)
	(0.0	0.0	0.0)
	(0.0	0.0	0.0)
	(0.0	0.0	0.0)
	(0.0	0.0	0.0)
	(0.0	0.0	0.0)
	(0.0	0.0	0.0)
	(0.0	0.0	0.0)
	(0.0	0.0	0.0)
	(0.0	0.0	0.0)
	(0.0	0.0	0.0)
	(0.0	0.0	0.0)
	(0.0	0.0	0.0)
	(0.0	0.0	0.0)
	(0.0	0.0	0.0)
	(0.0	0.0	0.0)
	(0.0	0.0	0.0)
	(0.0	0.0	0.0)
	(0.0	0.0	0.0)
	(0.0	0.0	0.0)
	(0.0	0.0	0.0)
	(0.0	0.0	0.0)
	(0.0	0.0	0.0)
	(0.0	0.0	0.0)
	(0.0	0.0	0.0)
	(0.0	0.0	0.0)
	(0.0	0.0	0.0)
	(0.0	0.0	0.0)
	(0.0	0.0	0.0)
	(0.0	0.0	0.0)
	(0.0	0.0	0.0)
	(0.0	0.0	0.0)
	(0.0	0.0	0.0)
	(0.0	0.0	0.0)
	(0.0	0.0	0.0)
	(0.0	0.0	0.0)
	(0.0	0.0	0.0)
	(0.0	0.0	0.0)
	(0.0	0.0	0.0)
	(0.0	0.0	0.0)
	(0.0	0.0	0.0)
	(0.0	0.0	0.0)
	(0.0	0.0	0.0)
	(0.0	0.0	0.0)
	(0.0	0.0	0.0)
	(0.0	0.0	0.0)
	(0.0	0.0	0.0)
	(0.0	0.0	0.0)
	(0.0	0.0	0.0)
	(0.0	0.0	0.0)
	(0.0	0.0	0.0)
	(0.0	0.0	0.0)
	(0.0	0.0	0.0)
	(0.0	0.0	0.0)
	(0.0	0.0	0.0)
	(0.0	0.0	0.0)
	(0.0	0.0	0.0)
	(0.0	0.0	0.0)
	(0.0	0.0	0.0)
	(0.0	0.0	0.0)
	(0.0	0.0	0.0)
	(0.0	0.0	0.0)
	(0.0	0.0	0.0)
	(0.0	0.0	0.0)
	(0.0	0.0	0.0)
	(0.0	0.0	0.0)
	(0.0	0.0	0.0)
	(0.0	0.0	0.0)
	(0.0	0.0	0.0)
	(0.0	0.0	0.0)
	(0.0	0.0	0.0)
	(0.0	0.0	0.0)
	(0.0	0.0	0.0)
	(0.0	0.0	0.0)
	(0.0	0.0	0.0)
	(0.0	0.0	0.0)
	(0.0	0.0	0.0)
	(0.0	0.0	0.0)
	(0.0	0.0	0.0)
	(0.0	0.0	0.0)
	(0.0	0.0	0.0)
	(0.0	0.0	0.0)
	(0.0	0.0	0.0)
	(0.0	0.0	0.0)
	(0.0	0.0	0.0)
	(0.0	0.0	0.0)
	(0.0	0.0	0.0)
	(0.0	0.0	0.0)
	(0.0	0.0	0.0)
	(0.0	0.0	0.0)
	(0.0	0.0	0.0)
	(0.0	0.0	0.0)
	(0.0	0.0	0.0)
	(0.0	0.0	0.0)
	(0.0	0.0	0.0)
	(0.0	0.0	0.0)
	(0.0	0.0	0.0)
	(0.0	0.0	0.0)
	(0.0	0.0	0.0)
	(0.0	0.0	0.0)
	(0.0	0.0	0.0)
	(0.0	0.0	0.0)
	(0.0	0.0	0.0)
	(0.0	0.0	0.0)
	(0.0	0.0	0.0)
	(0.0	0.0	0.0)
	(0.0	0.0	0.0)
	(0.0	0.0	0.0)
	(0.0	0.0	0.0)
	(0.0	0.0	0.0)
	(0.0	0.0	0.0)
	(0.0	0.0	0.0)
	(0.0	0.0	0.0)
	(0.0	0.0	0.0)
	(0.0	0.0	0.0)
	(0.0	0.0	0.0)
	(0.0	0.0	0.0)
	(0.0	0.0	0.0)
	(0.0	0.0	0.0)
	(0.0	0.0	0.0)
	(0.0	0.0	0.0)
	(0.0	0.0	0.0)
	(0.0	0.0	0.0)
	(0.0	0.0	0.0)
	(0.0	0.0	0.0)
	(0.0	0.0	0.0)
	(0.0	0.0	0.0)
	(0.0	0.0	0.0)
	(0.0	0.0	0.0)
	(0.0	0.0	0.0)
	(0.0	0.0	0.0)
	(0.0	0.0	0.0)
	(0.0	0.0	0.0)
	(0.0	0.0	0.0)
	(0.0	0.0	0.0)
	(0.0	0.0	0.0)
	(0.0	0.0	0.0)
	(0.0	0.0	0.0)
	(0.0	0.0	0.0)
	(0.0	0.0	0.0)
	(0.0	0.0	0.0)
	(0.0	0.0	0.0)
	(0.0	0.0	0.0)
	(0.0	0.0	0.0)
	(0.0	0.0	0.0)
	(0.0	0.0	0.0)
	(0.0	0.0	0.0)
	(0.0	0.0	0.0)
	(0.0	0.0	0.0)
	(0.0	0.0	0.0)
	(0.0	0.0	0.0)
	(0.0	0.0	0.0)
	(0.0	0.0	0.0)
	(0.0	0.0	0.0)
	(0.0	0.0	0.0)
	(0.0	0.0	0.0)
	(0.0	0.0	0.0)
	(0.0	0.0	0.0)
	(0.0	0.0	0.0)
	(0.0	0.0	0.0)
	(0.0	0.0	0.0)
	(0.0	0.0	0.0)
	(0.000000	0.0	0.0)
	(0.212919	0.0	0.0)
	(0.379046	0.0	0.0)
	(0.527188	0.0	0.0)
	(0.688416	0.0	0.0)
	(0.877313	0.0	0.0)
	(1.091970	0.0	0.0)
	(1.313987	0.0	0.0)
	(1.510188	0.0	0.0)
	(1.651481	0.0	0.0)
	(1.731722	0.0	0.0)
	(1.767969	0.0	0.0)
	(1.784422	0.0	0.0)
	(1.796358	0.0	0.0)
	(1.809111	0.0	0.0)
	(1.822836	0.0	0.0)
	(1.837279	0.0	0.0)
	(1.852210	0.0	0.0)
	(1.867425	0.0	0.0)
	(1.882744	0.0	0.0)
	(1.898010	0.0	0.0)
	(1.913094	0.0	0.0)
	(1.927888	0.0	0.0)
	(1.942310	0.0	0.0)
	(1.956304	0.0	0.0)
	(1.969836	0.0	0.0)
	(1.982898	0.0	0.0)
	(1.995493	0.0	0.0)
	(2.007626	0.0	0.0)
	(2.019304	0.0	0.0)
	(2.030534	0.0	0.0)
	(2.041323	0.0	0.0)
	(2.051681	0.0	0.0)
	(2.061616	0.0	0.0)
	(2.071140	0.0	0.0)
	(2.080264	0.0	0.0)
	(2.089000	0.0	0.0)
	(2.097360	0.0	0.0)
	(2.105358	0.0	0.0)
	(2.113010	0.0	0.0)
	(2.120329	0.0	0.0)
	(2.127334	0.0	0.0)
	(2.134040	0.0	0.0)
	(2.140466	0.0	0.0)
	(2.146630	0.0	0.0)
	(2.152552	0.0	0.0)
	(2.158253	0.0	0.0)
	(2.163753	0.0	0.0)
	(2.169075	0.0	0.0)
	(2.174242	0.0	0.0)
	(2.179277	0.0	0.0)
	(2.184205	0.0	0.0)
	(2.189049	0.0	0.0)
	(2.193829	0.0	0.0)
	(2.198559	0.0	0.0)
	(2.203254	0.0	0.0)
	(2.207921	0.0	0.0)
	(2.212565	0.0	0.0)
	(2.217188	0.0	0.0)
	(2.221787	0.0	0.0)
	(2.226357	0.0	0.0)
	(2.230888	0.0	0.0)
	(2.235367	0.0	0.0)
	(2.239777	0.0	0.0)
	(2.244098	0.0	0.0)
	(2.248305	0.0	0.0)
	(2.252371	0.0	0.0)
	(2.256265	0.0	0.0)
	(2.259951	0.0	0.0)
	(2.263391	0.0	0.0)
	(2.266542	0.0	0.0)
	(2.269360	0.0	0.0)
	(2.271794	0.0	0.0)
	(2.273791	0.0	0.0)
	(2.275294	0.0	0.0)
	(2.276243	0.0	0.0)
	(2.276574	0.0	0.0)
	(2.276230	0.0	0.0)
	(2.275167	0.0	0.0)
	(2.273355	0.0	0.0)
	(2.270778	0.0	0.0)
	(2.267436	0.0	0.0)
	(2.263342	0.0	0.0)
	(2.258526	0.0	0.0)
	(2.253029	0.0	0.0)
	(2.246909	0.0	0.0)
	(2.240237	0.0	0.0)
	(2.233100	0.0	0.0)
	(2.225599	0.0	0.0)
	(2.217857	0.0	0.0)
	(2.210121	0.0	0.0)
	(2.202860	0.0	0.0)
	(2.196771	0.0	0.0)
	(2.192786	0.0	0.0)
	(2.192062	0.0	0.0)
	(2.195315	0.0	0.0)
	(2.195355	0.0	0.0)
	(2.169641	0.0	0.0)
	(2.122902	0.0	0.0)
	(2.339730	0.0	0.0)
	(1.824999	0.0	0.0)
	(0.317485	0.0	0.0)
	(0.000000	0.0	0.0)
	(0.044108	0.0	0.0)
	(0.017280	0.0	0.0)
	(0.000000	0.0	0.0)
	(0.000000	0.0	0.0)
	(0.000000	0.0	0.0)
	(0.000000	0.0	0.0)
	(0.000547	0.0	0.0)
	(0.000687	0.0	0.0)
	(0.000527	0.0	0.0)
	(0.000290	0.0	0.0)
	(0.000100	0.0	0.0)
	(0.000000	0.0	0.0)
	(0.000000	0.0	0.0)
	(0.000000	0.0	0.0)
	(0.000000	0.0	0.0)
	(0.000000	0.0	0.0)
	(0.000000	0.0	0.0)
	(0.000000	0.0	0.0)
	(0.000000	0.0	0.0)
	(0.000000	0.0	0.0)
	(0.000000	0.0	0.0)
	(0.000000	0.0	0.0)
	(0.000006	0.0	0.0)
	(0.000013	0.0	0.0)
	(0.000018	0.0	0.0)
	(0.000021	0.0	0.0)
	(0.000023	0.0	0.0)
	(0.000024	0.0	0.0)
	(0.000024	0.0	0.0)
	(0.000023	0.0	0.0)
	(0.000021	0.0	0.0)
	(0.000019	0.0	0.0)
	(0.000016	0.0	0.0)
	(0.000013	0.0	0.0)
	(0.000010	0.0	0.0)
	(0.000007	0.0	0.0)
	(0.000004	0.0	0.0)
	(0.000001	0.0	0.0)
	(0.000000	0.0	0.0)
	(0.000000	0.0	0.0)
	(0.000000	0.0	0.0)
	(0.000000	0.0	0.0)
	(0.000000	0.0	0.0)
	(0.000000	0.0	0.0)
	(0.000000	0.0	0.0)
	(0.000000	0.0	0.0)
	(0.000000	0.0	0.0)
	(0.000000	0.0	0.0)
	(0.000000	0.0	0.0)
	(0.000000	0.0	0.0)
	(0.000000	0.0	0.0)
	(0.000000	0.0	0.0)
	(0.000000	0.0	0.0)
	(0.000000	0.0	0.0)
	(0.000000	0.0	0.0)
	(0.000000	0.0	0.0)
	(0.000000	0.0	0.0)
	(0.000000	0.0	0.0)
	(0.000000	0.0	0.0)
	(0.000002	0.0	0.0)
	(0.000003	0.0	0.0)
	(0.000004	0.0	0.0)
	(0.000005	0.0	0.0)
	(0.000006	0.0	0.0)
	(0.000006	0.0	0.0)
	(0.000007	0.0	0.0)
	(0.000007	0.0	0.0)
	(0.000007	0.0	0.0)
	(0.000008	0.0	0.0)
	(0.000007	0.0	0.0)
	(0.000007	0.0	0.0)
	(0.000007	0.0	0.0)
	(0.000006	0.0	0.0)
	(0.000006	0.0	0.0)
	(0.000005	0.0	0.0)
	(0.000004	0.0	0.0)
	(0.000003	0.0	0.0)
	(0.000002	0.0	0.0)
	(0.000001	0.0	0.0)
	(0.000000	0.0	0.0)
	(0.000000	0.0	0.0)
	(0.000000	0.0	0.0)
	(0.000000	0.0	0.0)
	(0.000000	0.0	0.0)
	(0.000000	0.0	0.0)
	(0.000000	0.0	0.0)
	(0.000000	0.0	0.0)
	(0.000000	0.0	0.0)
	(0.000000	0.0	0.0)
	(0.000000	0.0	0.0)
	(0.000000	0.0	0.0)
	(0.000000	0.0	0.0)
	(0.000000	0.0	0.0)
	(0.000000	0.0	0.0)
	(0.000001	0.0	0.0)
	(0.000004	0.0	0.0)
	(0.000008	0.0	0.0)
	(0.000012	0.0	0.0)
	(0.000000	0.0	0.0)
	(0.212919	0.0	0.0)
	(0.379046	0.0	0.0)
	(0.527188	0.0	0.0)
	(0.688416	0.0	0.0)
	(0.877313	0.0	0.0)
	(1.091970	0.0	0.0)
	(1.313987	0.0	0.0)
	(1.510188	0.0	0.0)
	(1.651481	0.0	0.0)
	(1.731722	0.0	0.0)
	(1.767969	0.0	0.0)
	(1.784422	0.0	0.0)
	(1.796358	0.0	0.0)
	(1.809111	0.0	0.0)
	(1.822836	0.0	0.0)
	(1.837279	0.0	0.0)
	(1.852210	0.0	0.0)
	(1.867425	0.0	0.0)
	(1.882744	0.0	0.0)
	(1.898010	0.0	0.0)
	(1.913094	0.0	0.0)
	(1.927888	0.0	0.0)
	(1.942310	0.0	0.0)
	(1.956304	0.0	0.0)
	(1.969836	0.0	0.0)
	(1.982898	0.0	0.0)
	(1.995493	0.0	0.0)
	(2.007626	0.0	0.0)
	(2.019304	0.0	0.0)
	(2.030534	0.0	0.0)
	(2.041323	0.0	0.0)
	(2.051681	0.0	0.0)
	(2.061616	0.0	0.0)
	(2.071140	0.0	0.0)
	(2.080264	0.0	0.0)
	(2.089000	0.0	0.0)
	(2.097360	0.0	0.0)
	(2.105358	0.0	0.0)
	(2.113010	0.0	0.0)
	(2.120329	0.0	0.0)
	(2.127334	0.0	0.0)
	(2.134040	0.0	0.0)
	(2.140466	0.0	0.0)
	(2.146630	0.0	0.0)
	(2.152552	0.0	0.0)
	(2.158253	0.0	0.0)
	(2.163753	0.0	0.0)
	(2.169075	0.0	0.0)
	(2.174242	0.0	0.0)
	(2.179277	0.0	0.0)
	(2.184205	0.0	0.0)
	(2.189049	0.0	0.0)
	(2.193829	0.0	0.0)
	(2.198559	0.0	0.0)
	(2.203254	0.0	0.0)
	(2.207921	0.0	0.0)
	(2.212565	0.0	0.0)
	(2.217188	0.0	0.0)
	(2.221787	0.0	0.0)
	(2.226357	0.0	0.0)
	(2.230888	0.0	0.0)
	(2.235367	0.0	0.0)
	(2.239777	0.0	0.0)
	(2.244098	0.0	0.0)
	(2.248305	0.0	0.0)
	(2.252371	0.0	0.0)
	(2.256265	0.0	0.0)
	(2.259951	0.0	0.0)
	(2.263391	0.0	0.0)
	(2.266542	0.0	0.0)
	(2.269360	0.0	0.0)
	(2.271794	0.0	0.0)
	(2.273791	0.0	0.0)
	(2.275294	0.0	0.0)
	(2.276243	0.0	0.0)
	(2.276574	0.0	0.0)
	(2.276230	0.0	0.0)
	(2.275167	0.0	0.0)
	(2.273355	0.0	0.0)
	(2.270778	0.0	0.0)
	(2.267436	0.0	0.0)
	(2.263342	0.0	0.0)
	(2.258526	0.0	0.0)
	(2.253029	0.0	0.0)
	(2.246909	0.0	0.0)
	(2.240237	0.0	0.0)
	(2.233100	0.0	0.0)
	(2.225599	0.0	0.0)
	(2.217857	0.0	0.0)
	(2.210121	0.0	0.0)
	(2.202860	0.0	0.0)
	(2.196771	0.0	0.0)
	(2.192786	0.0	0.0)
	(2.192062	0.0	0.0)
	(2.195315	0.0	0.0)
	(2.195355	0.0	0.0)
	(2.169641	0.0	0.0)
	(2.122902	0.0	0.0)
	(2.339730	0.0	0.0)
	(1.824999	0.0	0.0)
	(0.317485	0.0	0.0)
	(0.000000	0.0	0.0)
	(0.044108	0.0	0.0)
	(0.017280	0.0	0.0)
	(0.000000	0.0	0.0)
	(0.000000	0.0	0.0)
	(0.000000	0.0	0.0)
	(0.000000	0.0	0.0)
	(0.000547	0.0	0.0)
	(0.000687	0.0	0.0)
	(0.000527	0.0	0.0)
	(0.000290	0.0	0.0)
	(0.000100	0.0	0.0)
	(0.000000	0.0	0.0)
	(0.000000	0.0	0.0)
	(0.000000	0.0	0.0)
	(0.000000	0.0	0.0)
	(0.000000	0.0	0.0)
	(0.000000	0.0	0.0)
	(0.000000	0.0	0.0)
	(0.000000	0.0	0.0)
	(0.000000	0.0	0.0)
	(0.000000	0.0	0.0)
	(0.000000	0.0	0.0)
	(0.000006	0.0	0.0)
	(0.000013	0.0	0.0)
	(0.000018	0.0	0.0)
	(0.000021	0.0	0.0)
	(0.000023	0.0	0.0)
	(0.000024	0.0	0.0)
	(0.000024	0.0	0.0)
	(0.000023	0.0	0.0)
	(0.000021	0.0	0.0)
	(0.000019	0.0	0.0)
	(0.000016	0.0	0.0)
	(0.000013	0.0	0.0)
	(0.000010	0.0	0.0)
	(0.000007	0.0	0.0)
	(0.000004	0.0	0.0)
	(0.000001	0.0	0.0)
	(0.000000	0.0	0.0)
	(0.000000	0.0	0.0)
	(0.000000	0.0	0.0)
	(0.000000	0.0	0.0)
	(0.000000	0.0	0.0)
	(0.000000	0.0	0.0)
	(0.000000	0.0	0.0)
	(0.000000	0.0	0.0)
	(0.000000	0.0	0.0)
	(0.000000	0.0	0.0)
	(0.000000	0.0	0.0)
	(0.000000	0.0	0.0)
	(0.000000	0.0	0.0)
	(0.000000	0.0	0.0)
	(0.000000	0.0	0.0)
	(0.000000	0.0	0.0)
	(0.000000	0.0	0.0)
	(0.000000	0.0	0.0)
	(0.000000	0.0	0.0)
	(0.000000	0.0	0.0)
	(0.000000	0.0	0.0)
	(0.000002	0.0	0.0)
	(0.000003	0.0	0.0)
	(0.000004	0.0	0.0)
	(0.000005	0.0	0.0)
	(0.000006	0.0	0.0)
	(0.000006	0.0	0.0)
	(0.000007	0.0	0.0)
	(0.000007	0.0	0.0)
	(0.000007	0.0	0.0)
	(0.000008	0.0	0.0)
	(0.000007	0.0	0.0)
	(0.000007	0.0	0.0)
	(0.000007	0.0	0.0)
	(0.000006	0.0	0.0)
	(0.000006	0.0	0.0)
	(0.000005	0.0	0.0)
	(0.000004	0.0	0.0)
	(0.000003	0.0	0.0)
	(0.000002	0.0	0.0)
	(0.000001	0.0	0.0)
	(0.000000	0.0	0.0)
	(0.000000	0.0	0.0)
	(0.000000	0.0	0.0)
	(0.000000	0.0	0.0)
	(0.000000	0.0	0.0)
	(0.000000	0.0	0.0)
	(0.000000	0.0	0.0)
	(0.000000	0.0	0.0)
	(0.000000	0.0	0.0)
	(0.000000	0.0	0.0)
	(0.000000	0.0	0.0)
	(0.000000	0.0	0.0)
	(0.000000	0.0	0.0)
	(0.000000	0.0	0.0)
	(0.000000	0.0	0.0)
	(0.000001	0.0	0.0)
	(0.000004	0.0	0.0)
	(0.000008	0.0	0.0)
	(0.000012	0.0	0.0)
	(0.000000	0.0	0.0)
	(0.212919	0.0	0.0)
	(0.379046	0.0	0.0)
	(0.527188	0.0	0.0)
	(0.688416	0.0	0.0)
	(0.877313	0.0	0.0)
	(1.091970	0.0	0.0)
	(1.313987	0.0	0.0)
	(1.510188	0.0	0.0)
	(1.651481	0.0	0.0)
	(1.731722	0.0	0.0)
	(1.767969	0.0	0.0)
	(1.784422	0.0	0.0)
	(1.796358	0.0	0.0)
	(1.809111	0.0	0.0)
	(1.822836	0.0	0.0)
	(1.837279	0.0	0.0)
	(1.852210	0.0	0.0)
	(1.867425	0.0	0.0)
	(1.882744	0.0	0.0)
	(1.898010	0.0	0.0)
	(1.913094	0.0	0.0)
	(1.927888	0.0	0.0)
	(1.942310	0.0	0.0)
	(1.956304	0.0	0.0)
	(1.969836	0.0	0.0)
	(1.982898	0.0	0.0)
	(1.995493	0.0	0.0)
	(2.007626	0.0	0.0)
	(2.019304	0.0	0.0)
	(2.030534	0.0	0.0)
	(2.041323	0.0	0.0)
	(2.051681	0.0	0.0)
	(2.061616	0.0	0.0)
	(2.071140	0.0	0.0)
	(2.080264	0.0	0.0)
	(2.089000	0.0	0.0)
	(2.097360	0.0	0.0)
	(2.105358	0.0	0.0)
	(2.113010	0.0	0.0)
	(2.120329	0.0	0.0)
	(2.127334	0.0	0.0)
	(2.134040	0.0	0.0)
	(2.140466	0.0	0.0)
	(2.146630	0.0	0.0)
	(2.152552	0.0	0.0)
	(2.158253	0.0	0.0)
	(2.163753	0.0	0.0)
	(2.169075	0.0	0.0)
	(2.174242	0.0	0.0)
	(2.179277	0.0	0.0)
	(2.184205	0.0	0.0)
	(2.189049	0.0	0.0)
	(2.193829	0.0	0.0)
	(2.198559	0.0	0.0)
	(2.203254	0.0	0.0)
	(2.207921	0.0	0.0)
	(2.212565	0.0	0.0)
	(2.217188	0.0	0.0)
	(2.221787	0.0	0.0)
	(2.226357	0.0	0.0)
	(2.230888	0.0	0.0)
	(2.235367	0.0	0.0)
	(2.239777	0.0	0.0)
	(2.244098	0.0	0.0)
	(2.248305	0.0	0.0)
	(2.252371	0.0	0.0)
	(2.256265	0.0	0.0)
	(2.259951	0.0	0.0)
	(2.263391	0.0	0.0)
	(2.266542	0.0	0.0)
	(2.269360	0.0	0.0)
	(2.271794	0.0	0.0)
	(2.273791	0.0	0.0)
	(2.275294	0.0	0.0)
	(2.276243	0.0	0.0)
	(2.276574	0.0	0.0)
	(2.276230	0.0	0.0)
	(2.275167	0.0	0.0)
	(2.273355	0.0	0.0)
	(2.270778	0.0	0.0)
	(2.267436	0.0	0.0)
	(2.263342	0.0	0.0)
	(2.258526	0.0	0.0)
	(2.253029	0.0	0.0)
	(2.246909	0.0	0.0)
	(2.240237	0.0	0.0)
	(2.233100	0.0	0.0)
	(2.225599	0.0	0.0)
	(2.217857	0.0	0.0)
	(2.210121	0.0	0.0)
	(2.202860	0.0	0.0)
	(2.196771	0.0	0.0)
	(2.192786	0.0	0.0)
	(2.192062	0.0	0.0)
	(2.195315	0.0	0.0)
	(2.195355	0.0	0.0)
	(2.169641	0.0	0.0)
	(2.122902	0.0	0.0)
	(2.339730	0.0	0.0)
	(1.824999	0.0	0.0)
	(0.317485	0.0	0.0)
	(0.000000	0.0	0.0)
	(0.044108	0.0	0.0)
	(0.017280	0.0	0.0)
	(0.000000	0.0	0.0)
	(0.000000	0.0	0.0)
	(0.000000	0.0	0.0)
	(0.000000	0.0	0.0)
	(0.000547	0.0	0.0)
	(0.000687	0.0	0.0)
	(0.000527	0.0	0.0)
	(0.000290	0.0	0.0)
	(0.000100	0.0	0.0)
	(0.000000	0.0	0.0)
	(0.000000	0.0	0.0)
	(0.000000	0.0	0.0)
	(0.000000	0.0	0.0)
	(0.000000	0.0	0.0)
	(0.000000	0.0	0.0)
	(0.000000	0.0	0.0)
	(0.000000	0.0	0.0)
	(0.000000	0.0	0.0)
	(0.000000	0.0	0.0)
	(0.000000	0.0	0.0)
	(0.000006	0.0	0.0)
	(0.000013	0.0	0.0)
	(0.000018	0.0	0.0)
	(0.000021	0.0	0.0)
	(0.000023	0.0	0.0)
	(0.000024	0.0	0.0)
	(0.000024	0.0	0.0)
	(0.000023	0.0	0.0)
	(0.000021	0.0	0.0)
	(0.000019	0.0	0.0)
	(0.000016	0.0	0.0)
	(0.000013	0.0	0.0)
	(0.000010	0.0	0.0)
	(0.000007	0.0	0.0)
	(0.000004	0.0	0.0)
	(0.000001	0.0	0.0)
	(0.000000	0.0	0.0)
	(0.000000	0.0	0.0)
	(0.000000	0.0	0.0)
	(0.000000	0.0	0.0)
	(0.000000	0.0	0.0)
	(0.000000	0.0	0.0)
	(0.000000	0.0	0.0)
	(0.000000	0.0	0.0)
	(0.000000	0.0	0.0)
	(0.000000	0.0	0.0)
	(0.000000	0.0	0.0)
	(0.000000	0.0	0.0)
	(0.000000	0.0	0.0)
	(0.000000	0.0	0.0)
	(0.000000	0.0	0.0)
	(0.000000	0.0	0.0)
	(0.000000	0.0	0.0)
	(0.000000	0.0	0.0)
	(0.000000	0.0	0.0)
	(0.000000	0.0	0.0)
	(0.000000	0.0	0.0)
	(0.000002	0.0	0.0)
	(0.000003	0.0	0.0)
	(0.000004	0.0	0.0)
	(0.000005	0.0	0.0)
	(0.000006	0.0	0.0)
	(0.000006	0.0	0.0)
	(0.000007	0.0	0.0)
	(0.000007	0.0	0.0)
	(0.000007	0.0	0.0)
	(0.000008	0.0	0.0)
	(0.000007	0.0	0.0)
	(0.000007	0.0	0.0)
	(0.000007	0.0	0.0)
	(0.000006	0.0	0.0)
	(0.000006	0.0	0.0)
	(0.000005	0.0	0.0)
	(0.000004	0.0	0.0)
	(0.000003	0.0	0.0)
	(0.000002	0.0	0.0)
	(0.000001	0.0	0.0)
	(0.000000	0.0	0.0)
	(0.000000	0.0	0.0)
	(0.000000	0.0	0.0)
	(0.000000	0.0	0.0)
	(0.000000	0.0	0.0)
	(0.000000	0.0	0.0)
	(0.000000	0.0	0.0)
	(0.000000	0.0	0.0)
	(0.000000	0.0	0.0)
	(0.000000	0.0	0.0)
	(0.000000	0.0	0.0)
	(0.000000	0.0	0.0)
	(0.000000	0.0	0.0)
	(0.000000	0.0	0.0)
	(0.000000	0.0	0.0)
	(0.000001	0.0	0.0)
	(0.000004	0.0	0.0)
	(0.000008	0.0	0.0)
	(0.000012	0.0	0.0)
	(0.000000	0.0	0.0)
	(0.212919	0.0	0.0)
	(0.379046	0.0	0.0)
	(0.527188	0.0	0.0)
	(0.688416	0.0	0.0)
	(0.877313	0.0	0.0)
	(1.091970	0.0	0.0)
	(1.313987	0.0	0.0)
	(1.510188	0.0	0.0)
	(1.651481	0.0	0.0)
	(1.731722	0.0	0.0)
	(1.767969	0.0	0.0)
	(1.784422	0.0	0.0)
	(1.796358	0.0	0.0)
	(1.809111	0.0	0.0)
	(1.822836	0.0	0.0)
	(1.837279	0.0	0.0)
	(1.852210	0.0	0.0)
	(1.867425	0.0	0.0)
	(1.882744	0.0	0.0)
	(1.898010	0.0	0.0)
	(1.913094	0.0	0.0)
	(1.927888	0.0	0.0)
	(1.942310	0.0	0.0)
	(1.956304	0.0	0.0)
	(1.969836	0.0	0.0)
	(1.982898	0.0	0.0)
	(1.995493	0.0	0.0)
	(2.007626	0.0	0.0)
	(2.019304	0.0	0.0)
	(2.030534	0.0	0.0)
	(2.041323	0.0	0.0)
	(2.051681	0.0	0.0)
	(2.061616	0.0	0.0)
	(2.071140	0.0	0.0)
	(2.080264	0.0	0.0)
	(2.089000	0.0	0.0)
	(2.097360	0.0	0.0)
	(2.105358	0.0	0.0)
	(2.113010	0.0	0.0)
	(2.120329	0.0	0.0)
	(2.127334	0.0	0.0)
	(2.134040	0.0	0.0)
	(2.140466	0.0	0.0)
	(2.146630	0.0	0.0)
	(2.152552	0.0	0.0)
	(2.158253	0.0	0.0)
	(2.163753	0.0	0.0)
	(2.169075	0.0	0.0)
	(2.174242	0.0	0.0)
	(2.179277	0.0	0.0)
	(2.184205	0.0	0.0)
	(2.189049	0.0	0.0)
	(2.193829	0.0	0.0)
	(2.198559	0.0	0.0)
	(2.203254	0.0	0.0)
	(2.207921	0.0	0.0)
	(2.212565	0.0	0.0)
	(2.217188	0.0	0.0)
	(2.221787	0.0	0.0)
	(2.226357	0.0	0.0)
	(2.230888	0.0	0.0)
	(2.235367	0.0	0.0)
	(2.239777	0.0	0.0)
	(2.244098	0.0	0.0)
	(2.248305	0.0	0.0)
	(2.252371	0.0	0.0)
	(2.256265	0.0	0.0)
	(2.259951	0.0	0.0)
	(2.263391	0.0	0.0)
	(2.266542	0.0	0.0)
	(2.269360	0.0	0.0)
	(2.271794	0.0	0.0)
	(2.273791	0.0	0.0)
	(2.275294	0.0	0.0)
	(2.276243	0.0	0.0)
	(2.276574	0.0	0.0)
	(2.276230	0.0	0.0)
	(2.275167	0.0	0.0)
	(2.273355	0.0	0.0)
	(2.270778	0.0	0.0)
	(2.267436	0.0	0.0)
	(2.263342	0.0	0.0)
	(2.258526	0.0	0.0)
	(2.253029	0.0	0.0)
	(2.246909	0.0	0.0)
	(2.240237	0.0	0.0)
	(2.233100	0.0	0.0)
	(2.225599	0.0	0.0)
	(2.217857	0.0	0.0)
	(2.210121	0.0	0.0)
	(2.202860	0.0	0.0)
	(2.196771	0.0	0.0)
	(2.192786	0.0	0.0)
	(2.192062	0.0	0.0)
	(2.195315	0.0	0.0)
	(2.195355	0.0	0.0)
	(2.169641	0.0	0.0)
	(2.122902	0.0	0.0)
	(2.339730	0.0	0.0)
	(1.824999	0.0	0.0)
	(0.317485	0.0	0.0)
	(0.000000	0.0	0.0)
	(0.044108	0.0	0.0)
	(0.017280	0.0	0.0)
	(0.000000	0.0	0.0)
	(0.000000	0.0	0.0)
	(0.000000	0.0	0.0)
	(0.000000	0.0	0.0)
	(0.000547	0.0	0.0)
	(0.000687	0.0	0.0)
	(0.000527	0.0	0.0)
	(0.000290	0.0	0.0)
	(0.000100	0.0	0.0)
	(0.000000	0.0	0.0)
	(0.000000	0.0	0.0)
	(0.000000	0.0	0.0)
	(0.000000	0.0	0.0)
	(0.000000	0.0	0.0)
	(0.000000	0.0	0.0)
	(0.000000	0.0	0.0)
	(0.000000	0.0	0.0)
	(0.000000	0.0	0.0)
	(0.000000	0.0	0.0)
	(0.000000	0.0	0.0)
	(0.000006	0.0	0.0)
	(0.000013	0.0	0.0)
	(0.000018	0.0	0.0)
	(0.000021	0.0	0.0)
	(0.000023	0.0	0.0)
	(0.000024	0.0	0.0)
	(0.000024	0.0	0.0)
	(0.000023	0.0	0.0)
	(0.000021	0.0	0.0)
	(0.000019	0.0	0.0)
	(0.000016	0.0	0.0)
	(0.000013	0.0	0.0)
	(0.000010	0.0	0.0)
	(0.000007	0.0	0.0)
	(0.000004	0.0	0.0)
	(0.000001	0.0	0.0)
	(0.000000	0.0	0.0)
	(0.000000	0.0	0.0)
	(0.000000	0.0	0.0)
	(0.000000	0.0	0.0)
	(0.000000	0.0	0.0)
	(0.000000	0.0	0.0)
	(0.000000	0.0	0.0)
	(0.000000	0.0	0.0)
	(0.000000	0.0	0.0)
	(0.000000	0.0	0.0)
	(0.000000	0.0	0.0)
	(0.000000	0.0	0.0)
	(0.000000	0.0	0.0)
	(0.000000	0.0	0.0)
	(0.000000	0.0	0.0)
	(0.000000	0.0	0.0)
	(0.000000	0.0	0.0)
	(0.000000	0.0	0.0)
	(0.000000	0.0	0.0)
	(0.000000	0.0	0.0)
	(0.000000	0.0	0.0)
	(0.000002	0.0	0.0)
	(0.000003	0.0	0.0)
	(0.000004	0.0	0.0)
	(0.000005	0.0	0.0)
	(0.000006	0.0	0.0)
	(0.000006	0.0	0.0)
	(0.000007	0.0	0.0)
	(0.000007	0.0	0.0)
	(0.000007	0.0	0.0)
	(0.000008	0.0	0.0)
	(0.000007	0.0	0.0)
	(0.000007	0.0	0.0)
	(0.000007	0.0	0.0)
	(0.000006	0.0	0.0)
	(0.000006	0.0	0.0)
	(0.000005	0.0	0.0)
	(0.000004	0.0	0.0)
	(0.000003	0.0	0.0)
	(0.000002	0.0	0.0)
	(0.000001	0.0	0.0)
	(0.000000	0.0	0.0)
	(0.000000	0.0	0.0)
	(0.000000	0.0	0.0)
	(0.000000	0.0	0.0)
	(0.000000	0.0	0.0)
	(0.000000	0.0	0.0)
	(0.000000	0.0	0.0)
	(0.000000	0.0	0.0)
	(0.000000	0.0	0.0)
	(0.000000	0.0	0.0)
	(0.000000	0.0	0.0)
	(0.000000	0.0	0.0)
	(0.000000	0.0	0.0)
	(0.000000	0.0	0.0)
	(0.000000	0.0	0.0)
	(0.000001	0.0	0.0)
	(0.000004	0.0	0.0)
	(0.000008	0.0	0.0)
	(0.000012	0.0	0.0)
	(0.000000	0.0	0.0)
	(0.212919	0.0	0.0)
	(0.379046	0.0	0.0)
	(0.527188	0.0	0.0)
	(0.688416	0.0	0.0)
	(0.877313	0.0	0.0)
	(1.091970	0.0	0.0)
	(1.313987	0.0	0.0)
	(1.510188	0.0	0.0)
	(1.651481	0.0	0.0)
	(1.731722	0.0	0.0)
	(1.767969	0.0	0.0)
	(1.784422	0.0	0.0)
	(1.796358	0.0	0.0)
	(1.809111	0.0	0.0)
	(1.822836	0.0	0.0)
	(1.837279	0.0	0.0)
	(1.852210	0.0	0.0)
	(1.867425	0.0	0.0)
	(1.882744	0.0	0.0)
	(1.898010	0.0	0.0)
	(1.913094	0.0	0.0)
	(1.927888	0.0	0.0)
	(1.942310	0.0	0.0)
	(1.956304	0.0	0.0)
	(1.969836	0.0	0.0)
	(1.982898	0.0	0.0)
	(1.995493	0.0	0.0)
	(2.007626	0.0	0.0)
	(2.019304	0.0	0.0)
	(2.030534	0.0	0.0)
	(2.041323	0.0	0.0)
	(2.051681	0.0	0.0)
	(2.061616	0.0	0.0)
	(2.071140	0.0	0.0)
	(2.080264	0.0	0.0)
	(2.089000	0.0	0.0)
	(2.097360	0.0	0.0)
	(2.105358	0.0	0.0)
	(2.113010	0.0	0.0)
	(2.120329	0.0	0.0)
	(2.127334	0.0	0.0)
	(2.134040	0.0	0.0)
	(2.140466	0.0	0.0)
	(2.146630	0.0	0.0)
	(2.152552	0.0	0.0)
	(2.158253	0.0	0.0)
	(2.163753	0.0	0.0)
	(2.169075	0.0	0.0)
	(2.174242	0.0	0.0)
	(2.179277	0.0	0.0)
	(2.184205	0.0	0.0)
	(2.189049	0.0	0.0)
	(2.193829	0.0	0.0)
	(2.198559	0.0	0.0)
	(2.203254	0.0	0.0)
	(2.207921	0.0	0.0)
	(2.212565	0.0	0.0)
	(2.217188	0.0	0.0)
	(2.221787	0.0	0.0)
	(2.226357	0.0	0.0)
	(2.230888	0.0	0.0)
	(2.235367	0.0	0.0)
	(2.239777	0.0	0.0)
	(2.244098	0.0	0.0)
	(2.248305	0.0	0.0)
	(2.252371	0.0	0.0)
	(2.256265	0.0	0.0)
	(2.259951	0.0	0.0)
	(2.263391	0.0	0.0)
	(2.266542	0.0	0.0)
	(2.269360	0.0	0.0)
	(2.271794	0.0	0.0)
	(2.273791	0.0	0.0)
	(2.275294	0.0	0.0)
	(2.276243	0.0	0.0)
	(2.276574	0.0	0.0)
	(2.276230	0.0	0.0)
	(2.275167	0.0	0.0)
	(2.273355	0.0	0.0)
	(2.270778	0.0	0.0)
	(2.267436	0.0	0.0)
	(2.263342	0.0	0.0)
	(2.258526	0.0	0.0)
	(2.253029	0.0	0.0)
	(2.246909	0.0	0.0)
	(2.240237	0.0	0.0)
	(2.233100	0.0	0.0)
	(2.225599	0.0	0.0)
	(2.217857	0.0	0.0)
	(2.210121	0.0	0.0)
	(2.202860	0.0	0.0)
	(2.196771	0.0	0.0)
	(2.192786	0.0	0.0)
	(2.192062	0.0	0.0)
	(2.195315	0.0	0.0)
	(2.195355	0.0	0.0)
	(2.169641	0.0	0.0)
	(2.122902	0.0	0.0)
	(2.339730	0.0	0.0)
	(1.824999	0.0	0.0)
	(0.317485	0.0	0.0)
	(0.000000	0.0	0.0)
	(0.044108	0.0	0.0)
	(0.017280	0.0	0.0)
	(0.000000	0.0	0.0)
	(0.000000	0.0	0.0)
	(0.000000	0.0	0.0)
	(0.000000	0.0	0.0)
	(0.000547	0.0	0.0)
	(0.000687	0.0	0.0)
	(0.000527	0.0	0.0)
	(0.000290	0.0	0.0)
	(0.000100	0.0	0.0)
	(0.000000	0.0	0.0)
	(0.000000	0.0	0.0)
	(0.000000	0.0	0.0)
	(0.000000	0.0	0.0)
	(0.000000	0.0	0.0)
	(0.000000	0.0	0.0)
	(0.000000	0.0	0.0)
	(0.000000	0.0	0.0)
	(0.000000	0.0	0.0)
	(0.000000	0.0	0.0)
	(0.000000	0.0	0.0)
	(0.000006	0.0	0.0)
	(0.000013	0.0	0.0)
	(0.000018	0.0	0.0)
	(0.000021	0.0	0.0)
	(0.000023	0.0	0.0)
	(0.000024	0.0	0.0)
	(0.000024	0.0	0.0)
	(0.000023	0.0	0.0)
	(0.000021	0.0	0.0)
	(0.000019	0.0	0.0)
	(0.000016	0.0	0.0)
	(0.000013	0.0	0.0)
	(0.000010	0.0	0.0)
	(0.000007	0.0	0.0)
	(0.000004	0.0	0.0)
	(0.000001	0.0	0.0)
	(0.000000	0.0	0.0)
	(0.000000	0.0	0.0)
	(0.000000	0.0	0.0)
	(0.000000	0.0	0.0)
	(0.000000	0.0	0.0)
	(0.000000	0.0	0.0)
	(0.000000	0.0	0.0)
	(0.000000	0.0	0.0)
	(0.000000	0.0	0.0)
	(0.000000	0.0	0.0)
	(0.000000	0.0	0.0)
	(0.000000	0.0	0.0)
	(0.000000	0.0	0.0)
	(0.000000	0.0	0.0)
	(0.000000	0.0	0.0)
	(0.000000	0.0	0.0)
	(0.000000	0.0	0.0)
	(0.000000	0.0	0.0)
	(0.000000	0.0	0.0)
	(0.000000	0.0	0.0)
	(0.000000	0.0	0.0)
	(0.000002	0.0	0.0)
	(0.000003	0.0	0.0)
	(0.000004	0.0	0.0)
	(0.000005	0.0	0.0)
	(0.000006	0.0	0.0)
	(0.000006	0.0	0.0)
	(0.000007	0.0	0.0)
	(0.000007	0.0	0.0)
	(0.000007	0.0	0.0)
	(0.000008	0.0	0.0)
	(0.000007	0.0	0.0)
	(0.000007	0.0	0.0)
	(0.000007	0.0	0.0)
	(0.000006	0.0	0.0)
	(0.000006	0.0	0.0)
	(0.000005	0.0	0.0)
	(0.000004	0.0	0.0)
	(0.000003	0.0	0.0)
	(0.000002	0.0	0.0)
	(0.000001	0.0	0.0)
	(0.000000	0.0	0.0)
	(0.000000	0.0	0.0)
	(0.000000	0.0	0.0)
	(0.000000	0.0	0.0)
	(0.000000	0.0	0.0)
	(0.000000	0.0	0.0)
	(0.000000	0.0	0.0)
	(0.000000	0.0	0.0)
	(0.000000	0.0	0.0)
	(0.000000	0.0	0.0)
	(0.000000	0.0	0.0)
	(0.000000	0.0	0.0)
	(0.000000	0.0	0.0)
	(0.000000	0.0	0.0)
	(0.000000	0.0	0.0)
	(0.000001	0.0	0.0)
	(0.000004	0.0	0.0)
	(0.000008	0.0	0.0)
	(0.000012	0.0	0.0)
	(0.000000	0.0	0.0)
	(0.212919	0.0	0.0)
	(0.379046	0.0	0.0)
	(0.527188	0.0	0.0)
	(0.688416	0.0	0.0)
	(0.877313	0.0	0.0)
	(1.091970	0.0	0.0)
	(1.313987	0.0	0.0)
	(1.510188	0.0	0.0)
	(1.651481	0.0	0.0)
	(1.731722	0.0	0.0)
	(1.767969	0.0	0.0)
	(1.784422	0.0	0.0)
	(1.796358	0.0	0.0)
	(1.809111	0.0	0.0)
	(1.822836	0.0	0.0)
	(1.837279	0.0	0.0)
	(1.852210	0.0	0.0)
	(1.867425	0.0	0.0)
	(1.882744	0.0	0.0)
	(1.898010	0.0	0.0)
	(1.913094	0.0	0.0)
	(1.927888	0.0	0.0)
	(1.942310	0.0	0.0)
	(1.956304	0.0	0.0)
	(1.969836	0.0	0.0)
	(1.982898	0.0	0.0)
	(1.995493	0.0	0.0)
	(2.007626	0.0	0.0)
	(2.019304	0.0	0.0)
	(2.030534	0.0	0.0)
	(2.041323	0.0	0.0)
	(2.051681	0.0	0.0)
	(2.061616	0.0	0.0)
	(2.071140	0.0	0.0)
	(2.080264	0.0	0.0)
	(2.089000	0.0	0.0)
	(2.097360	0.0	0.0)
	(2.105358	0.0	0.0)
	(2.113010	0.0	0.0)
	(2.120329	0.0	0.0)
	(2.127334	0.0	0.0)
	(2.134040	0.0	0.0)
	(2.140466	0.0	0.0)
	(2.146630	0.0	0.0)
	(2.152552	0.0	0.0)
	(2.158253	0.0	0.0)
	(2.163753	0.0	0.0)
	(2.169075	0.0	0.0)
	(2.174242	0.0	0.0)
	(2.179277	0.0	0.0)
	(2.184205	0.0	0.0)
	(2.189049	0.0	0.0)
	(2.193829	0.0	0.0)
	(2.198559	0.0	0.0)
	(2.203254	0.0	0.0)
	(2.207921	0.0	0.0)
	(2.212565	0.0	0.0)
	(2.217188	0.0	0.0)
	(2.221787	0.0	0.0)
	(2.226357	0.0	0.0)
	(2.230888	0.0	0.0)
	(2.235367	0.0	0.0)
	(2.239777	0.0	0.0)
	(2.244098	0.0	0.0)
	(2.248305	0.0	0.0)
	(2.252371	0.0	0.0)
	(2.256265	0.0	0.0)
	(2.259951	0.0	0.0)
	(2.263391	0.0	0.0)
	(2.266542	0.0	0.0)
	(2.269360	0.0	0.0)
	(2.271794	0.0	0.0)
	(2.273791	0.0	0.0)
	(2.275294	0.0	0.0)
	(2.276243	0.0	0.0)
	(2.276574	0.0	0.0)
	(2.276230	0.0	0.0)
	(2.275167	0.0	0.0)
	(2.273355	0.0	0.0)
	(2.270778	0.0	0.0)
	(2.267436	0.0	0.0)
	(2.263342	0.0	0.0)
	(2.258526	0.0	0.0)
	(2.253029	0.0	0.0)
	(2.246909	0.0	0.0)
	(2.240237	0.0	0.0)
	(2.233100	0.0	0.0)
	(2.225599	0.0	0.0)
	(2.217857	0.0	0.0)
	(2.210121	0.0	0.0)
	(2.202860	0.0	0.0)
	(2.196771	0.0	0.0)
	(2.192786	0.0	0.0)
	(2.192062	0.0	0.0)
	(2.195315	0.0	0.0)
	(2.195355	0.0	0.0)
	(2.169641	0.0	0.0)
	(2.122902	0.0	0.0)
	(2.339730	0.0	0.0)
	(1.824999	0.0	0.0)
	(0.317485	0.0	0.0)
	(0.000000	0.0	0.0)
	(0.044108	0.0	0.0)
	(0.017280	0.0	0.0)
	(0.000000	0.0	0.0)
	(0.000000	0.0	0.0)
	(0.000000	0.0	0.0)
	(0.000000	0.0	0.0)
	(0.000547	0.0	0.0)
	(0.000687	0.0	0.0)
	(0.000527	0.0	0.0)
	(0.000290	0.0	0.0)
	(0.000100	0.0	0.0)
	(0.000000	0.0	0.0)
	(0.000000	0.0	0.0)
	(0.000000	0.0	0.0)
	(0.000000	0.0	0.0)
	(0.000000	0.0	0.0)
	(0.000000	0.0	0.0)
	(0.000000	0.0	0.0)
	(0.000000	0.0	0.0)
	(0.000000	0.0	0.0)
	(0.000000	0.0	0.0)
	(0.000000	0.0	0.0)
	(0.000006	0.0	0.0)
	(0.000013	0.0	0.0)
	(0.000018	0.0	0.0)
	(0.000021	0.0	0.0)
	(0.000023	0.0	0.0)
	(0.000024	0.0	0.0)
	(0.000024	0.0	0.0)
	(0.000023	0.0	0.0)
	(0.000021	0.0	0.0)
	(0.000019	0.0	0.0)
	(0.000016	0.0	0.0)
	(0.000013	0.0	0.0)
	(0.000010	0.0	0.0)
	(0.000007	0.0	0.0)
	(0.000004	0.0	0.0)
	(0.000001	0.0	0.0)
	(0.000000	0.0	0.0)
	(0.000000	0.0	0.0)
	(0.000000	0.0	0.0)
	(0.000000	0.0	0.0)
	(0.000000	0.0	0.0)
	(0.000000	0.0	0.0)
	(0.000000	0.0	0.0)
	(0.000000	0.0	0.0)
	(0.000000	0.0	0.0)
	(0.000000	0.0	0.0)
	(0.000000	0.0	0.0)
	(0.000000	0.0	0.0)
	(0.000000	0.0	0.0)
	(0.000000	0.0	0.0)
	(0.000000	0.0	0.0)
	(0.000000	0.0	0.0)
	(0.000000	0.0	0.0)
	(0.000000	0.0	0.0)
	(0.000000	0.0	0.0)
	(0.000000	0.0	0.0)
	(0.000000	0.0	0.0)
	(0.000002	0.0	0.0)
	(0.000003	0.0	0.0)
	(0.000004	0.0	0.0)
	(0.000005	0.0	0.0)
	(0.000006	0.0	0.0)
	(0.000006	0.0	0.0)
	(0.000007	0.0	0.0)
	(0.000007	0.0	0.0)
	(0.000007	0.0	0.0)
	(0.000008	0.0	0.0)
	(0.000007	0.0	0.0)
	(0.000007	0.0	0.0)
	(0.000007	0.0	0.0)
	(0.000006	0.0	0.0)
	(0.000006	0.0	0.0)
	(0.000005	0.0	0.0)
	(0.000004	0.0	0.0)
	(0.000003	0.0	0.0)
	(0.000002	0.0	0.0)
	(0.000001	0.0	0.0)
	(0.000000	0.0	0.0)
	(0.000000	0.0	0.0)
	(0.000000	0.0	0.0)
	(0.000000	0.0	0.0)
	(0.000000	0.0	0.0)
	(0.000000	0.0	0.0)
	(0.000000	0.0	0.0)
	(0.000000	0.0	0.0)
	(0.000000	0.0	0.0)
	(0.000000	0.0	0.0)
	(0.000000	0.0	0.0)
	(0.000000	0.0	0.0)
	(0.000000	0.0	0.0)
	(0.000000	0.0	0.0)
	(0.000000	0.0	0.0)
	(0.000001	0.0	0.0)
	(0.000004	0.0	0.0)
	(0.000008	0.0	0.0)
	(0.000012	0.0	0.0)
	(0.000000	0.0	0.0)
	(0.212919	0.0	0.0)
	(0.379046	0.0	0.0)
	(0.527188	0.0	0.0)
	(0.688416	0.0	0.0)
	(0.877313	0.0	0.0)
	(1.091970	0.0	0.0)
	(1.313987	0.0	0.0)
	(1.510188	0.0	0.0)
	(1.651481	0.0	0.0)
	(1.731722	0.0	0.0)
	(1.767969	0.0	0.0)
	(1.784422	0.0	0.0)
	(1.796358	0.0	0.0)
	(1.809111	0.0	0.0)
	(1.822836	0.0	0.0)
	(1.837279	0.0	0.0)
	(1.852210	0.0	0.0)
	(1.867425	0.0	0.0)
	(1.882744	0.0	0.0)
	(1.898010	0.0	0.0)
	(1.913094	0.0	0.0)
	(1.927888	0.0	0.0)
	(1.942310	0.0	0.0)
	(1.956304	0.0	0.0)
	(1.969836	0.0	0.0)
	(1.982898	0.0	0.0)
	(1.995493	0.0	0.0)
	(2.007626	0.0	0.0)
	(2.019304	0.0	0.0)
	(2.030534	0.0	0.0)
	(2.041323	0.0	0.0)
	(2.051681	0.0	0.0)
	(2.061616	0.0	0.0)
	(2.071140	0.0	0.0)
	(2.080264	0.0	0.0)
	(2.089000	0.0	0.0)
	(2.097360	0.0	0.0)
	(2.105358	0.0	0.0)
	(2.113010	0.0	0.0)
	(2.120329	0.0	0.0)
	(2.127334	0.0	0.0)
	(2.134040	0.0	0.0)
	(2.140466	0.0	0.0)
	(2.146630	0.0	0.0)
	(2.152552	0.0	0.0)
	(2.158253	0.0	0.0)
	(2.163753	0.0	0.0)
	(2.169075	0.0	0.0)
	(2.174242	0.0	0.0)
	(2.179277	0.0	0.0)
	(2.184205	0.0	0.0)
	(2.189049	0.0	0.0)
	(2.193829	0.0	0.0)
	(2.198559	0.0	0.0)
	(2.203254	0.0	0.0)
	(2.207921	0.0	0.0)
	(2.212565	0.0	0.0)
	(2.217188	0.0	0.0)
	(2.221787	0.0	0.0)
	(2.226357	0.0	0.0)
	(2.230888	0.0	0.0)
	(2.235367	0.0	0.0)
	(2.239777	0.0	0.0)
	(2.244098	0.0	0.0)
	(2.248305	0.0	0.0)
	(2.252371	0.0	0.0)
	(2.256265	0.0	0.0)
	(2.259951	0.0	0.0)
	(2.263391	0.0	0.0)
	(2.266542	0.0	0.0)
	(2.269360	0.0	0.0)
	(2.271794	0.0	0.0)
	(2.273791	0.0	0.0)
	(2.275294	0.0	0.0)
	(2.276243	0.0	0.0)
	(2.276574	0.0	0.0)
	(2.276230	0.0	0.0)
	(2.275167	0.0	0.0)
	(2.273355	0.0	0.0)
	(2.270778	0.0	0.0)
	(2.267436	0.0	0.0)
	(2.263342	0.0	0.0)
	(2.258526	0.0	0.0)
	(2.253029	0.0	0.0)
	(2.246909	0.0	0.0)
	(2.240237	0.0	0.0)
	(2.233100	0.0	0.0)
	(2.225599	0.0	0.0)
	(2.217857	0.0	0.0)
	(2.210121	0.0	0.0)
	(2.202860	0.0	0.0)
	(2.196771	0.0	0.0)
	(2.192786	0.0	0.0)
	(2.192062	0.0	0.0)
	(2.195315	0.0	0.0)
	(2.195355	0.0	0.0)
	(2.169641	0.0	0.0)
	(2.122902	0.0	0.0)
	(2.339730	0.0	0.0)
	(1.824999	0.0	0.0)
	(0.317485	0.0	0.0)
	(0.000000	0.0	0.0)
	(0.044108	0.0	0.0)
	(0.017280	0.0	0.0)
	(0.000000	0.0	0.0)
	(0.000000	0.0	0.0)
	(0.000000	0.0	0.0)
	(0.000000	0.0	0.0)
	(0.000547	0.0	0.0)
	(0.000687	0.0	0.0)
	(0.000527	0.0	0.0)
	(0.000290	0.0	0.0)
	(0.000100	0.0	0.0)
	(0.000000	0.0	0.0)
	(0.000000	0.0	0.0)
	(0.000000	0.0	0.0)
	(0.000000	0.0	0.0)
	(0.000000	0.0	0.0)
	(0.000000	0.0	0.0)
	(0.000000	0.0	0.0)
	(0.000000	0.0	0.0)
	(0.000000	0.0	0.0)
	(0.000000	0.0	0.0)
	(0.000000	0.0	0.0)
	(0.000006	0.0	0.0)
	(0.000013	0.0	0.0)
	(0.000018	0.0	0.0)
	(0.000021	0.0	0.0)
	(0.000023	0.0	0.0)
	(0.000024	0.0	0.0)
	(0.000024	0.0	0.0)
	(0.000023	0.0	0.0)
	(0.000021	0.0	0.0)
	(0.000019	0.0	0.0)
	(0.000016	0.0	0.0)
	(0.000013	0.0	0.0)
	(0.000010	0.0	0.0)
	(0.000007	0.0	0.0)
	(0.000004	0.0	0.0)
	(0.000001	0.0	0.0)
	(0.000000	0.0	0.0)
	(0.000000	0.0	0.0)
	(0.000000	0.0	0.0)
	(0.000000	0.0	0.0)
	(0.000000	0.0	0.0)
	(0.000000	0.0	0.0)
	(0.000000	0.0	0.0)
	(0.000000	0.0	0.0)
	(0.000000	0.0	0.0)
	(0.000000	0.0	0.0)
	(0.000000	0.0	0.0)
	(0.000000	0.0	0.0)
	(0.000000	0.0	0.0)
	(0.000000	0.0	0.0)
	(0.000000	0.0	0.0)
	(0.000000	0.0	0.0)
	(0.000000	0.0	0.0)
	(0.000000	0.0	0.0)
	(0.000000	0.0	0.0)
	(0.000000	0.0	0.0)
	(0.000000	0.0	0.0)
	(0.000002	0.0	0.0)
	(0.000003	0.0	0.0)
	(0.000004	0.0	0.0)
	(0.000005	0.0	0.0)
	(0.000006	0.0	0.0)
	(0.000006	0.0	0.0)
	(0.000007	0.0	0.0)
	(0.000007	0.0	0.0)
	(0.000007	0.0	0.0)
	(0.000008	0.0	0.0)
	(0.000007	0.0	0.0)
	(0.000007	0.0	0.0)
	(0.000007	0.0	0.0)
	(0.000006	0.0	0.0)
	(0.000006	0.0	0.0)
	(0.000005	0.0	0.0)
	(0.000004	0.0	0.0)
	(0.000003	0.0	0.0)
	(0.000002	0.0	0.0)
	(0.000001	0.0	0.0)
	(0.000000	0.0	0.0)
	(0.000000	0.0	0.0)
	(0.000000	0.0	0.0)
	(0.000000	0.0	0.0)
	(0.000000	0.0	0.0)
	(0.000000	0.0	0.0)
	(0.000000	0.0	0.0)
	(0.000000	0.0	0.0)
	(0.000000	0.0	0.0)
	(0.000000	0.0	0.0)
	(0.000000	0.0	0.0)
	(0.000000	0.0	0.0)
	(0.000000	0.0	0.0)
	(0.000000	0.0	0.0)
	(0.000000	0.0	0.0)
	(0.000001	0.0	0.0)
	(0.000004	0.0	0.0)
	(0.000008	0.0	0.0)
	(0.000012	0.0	0.0)
	(0.000000	0.0	0.0)
	(0.212919	0.0	0.0)
	(0.379046	0.0	0.0)
	(0.527188	0.0	0.0)
	(0.688416	0.0	0.0)
	(0.877313	0.0	0.0)
	(1.091970	0.0	0.0)
	(1.313987	0.0	0.0)
	(1.510188	0.0	0.0)
	(1.651481	0.0	0.0)
	(1.731722	0.0	0.0)
	(1.767969	0.0	0.0)
	(1.784422	0.0	0.0)
	(1.796358	0.0	0.0)
	(1.809111	0.0	0.0)
	(1.822836	0.0	0.0)
	(1.837279	0.0	0.0)
	(1.852210	0.0	0.0)
	(1.867425	0.0	0.0)
	(1.882744	0.0	0.0)
	(1.898010	0.0	0.0)
	(1.913094	0.0	0.0)
	(1.927888	0.0	0.0)
	(1.942310	0.0	0.0)
	(1.956304	0.0	0.0)
	(1.969836	0.0	0.0)
	(1.982898	0.0	0.0)
	(1.995493	0.0	0.0)
	(2.007626	0.0	0.0)
	(2.019304	0.0	0.0)
	(2.030534	0.0	0.0)
	(2.041323	0.0	0.0)
	(2.051681	0.0	0.0)
	(2.061616	0.0	0.0)
	(2.071140	0.0	0.0)
	(2.080264	0.0	0.0)
	(2.089000	0.0	0.0)
	(2.097360	0.0	0.0)
	(2.105358	0.0	0.0)
	(2.113010	0.0	0.0)
	(2.120329	0.0	0.0)
	(2.127334	0.0	0.0)
	(2.134040	0.0	0.0)
	(2.140466	0.0	0.0)
	(2.146630	0.0	0.0)
	(2.152552	0.0	0.0)
	(2.158253	0.0	0.0)
	(2.163753	0.0	0.0)
	(2.169075	0.0	0.0)
	(2.174242	0.0	0.0)
	(2.179277	0.0	0.0)
	(2.184205	0.0	0.0)
	(2.189049	0.0	0.0)
	(2.193829	0.0	0.0)
	(2.198559	0.0	0.0)
	(2.203254	0.0	0.0)
	(2.207921	0.0	0.0)
	(2.212565	0.0	0.0)
	(2.217188	0.0	0.0)
	(2.221787	0.0	0.0)
	(2.226357	0.0	0.0)
	(2.230888	0.0	0.0)
	(2.235367	0.0	0.0)
	(2.239777	0.0	0.0)
	(2.244098	0.0	0.0)
	(2.248305	0.0	0.0)
	(2.252371	0.0	0.0)
	(2.256265	0.0	0.0)
	(2.259951	0.0	0.0)
	(2.263391	0.0	0.0)
	(2.266542	0.0	0.0)
	(2.269360	0.0	0.0)
	(2.271794	0.0	0.0)
	(2.273791	0.0	0.0)
	(2.275294	0.0	0.0)
	(2.276243	0.0	0.0)
	(2.276574	0.0	0.0)
	(2.276230	0.0	0.0)
	(2.275167	0.0	0.0)
	(2.273355	0.0	0.0)
	(2.270778	0.0	0.0)
	(2.267436	0.0	0.0)
	(2.263342	0.0	0.0)
	(2.258526	0.0	0.0)
	(2.253029	0.0	0.0)
	(2.246909	0.0	0.0)
	(2.240237	0.0	0.0)
	(2.233100	0.0	0.0)
	(2.225599	0.0	0.0)
	(2.217857	0.0	0.0)
	(2.210121	0.0	0.0)
	(2.202860	0.0	0.0)
	(2.196771	0.0	0.0)
	(2.192786	0.0	0.0)
	(2.192062	0.0	0.0)
	(2.195315	0.0	0.0)
	(2.195355	0.0	0.0)
	(2.169641	0.0	0.0)
	(2.122902	0.0	0.0)
	(2.339730	0.0	0.0)
	(1.824999	0.0	0.0)
	(0.317485	0.0	0.0)
	(0.000000	0.0	0.0)
	(0.044108	0.0	0.0)
	(0.017280	0.0	0.0)
	(0.000000	0.0	0.0)
	(0.000000	0.0	0.0)
	(0.000000	0.0	0.0)
	(0.000000	0.0	0.0)
	(0.000547	0.0	0.0)
	(0.000687	0.0	0.0)
	(0.000527	0.0	0.0)
	(0.000290	0.0	0.0)
	(0.000100	0.0	0.0)
	(0.000000	0.0	0.0)
	(0.000000	0.0	0.0)
	(0.000000	0.0	0.0)
	(0.000000	0.0	0.0)
	(0.000000	0.0	0.0)
	(0.000000	0.0	0.0)
	(0.000000	0.0	0.0)
	(0.000000	0.0	0.0)
	(0.000000	0.0	0.0)
	(0.000000	0.0	0.0)
	(0.000000	0.0	0.0)
	(0.000006	0.0	0.0)
	(0.000013	0.0	0.0)
	(0.000018	0.0	0.0)
	(0.000021	0.0	0.0)
	(0.000023	0.0	0.0)
	(0.000024	0.0	0.0)
	(0.000024	0.0	0.0)
	(0.000023	0.0	0.0)
	(0.000021	0.0	0.0)
	(0.000019	0.0	0.0)
	(0.000016	0.0	0.0)
	(0.000013	0.0	0.0)
	(0.000010	0.0	0.0)
	(0.000007	0.0	0.0)
	(0.000004	0.0	0.0)
	(0.000001	0.0	0.0)
	(0.000000	0.0	0.0)
	(0.000000	0.0	0.0)
	(0.000000	0.0	0.0)
	(0.000000	0.0	0.0)
	(0.000000	0.0	0.0)
	(0.000000	0.0	0.0)
	(0.000000	0.0	0.0)
	(0.000000	0.0	0.0)
	(0.000000	0.0	0.0)
	(0.000000	0.0	0.0)
	(0.000000	0.0	0.0)
	(0.000000	0.0	0.0)
	(0.000000	0.0	0.0)
	(0.000000	0.0	0.0)
	(0.000000	0.0	0.0)
	(0.000000	0.0	0.0)
	(0.000000	0.0	0.0)
	(0.000000	0.0	0.0)
	(0.000000	0.0	0.0)
	(0.000000	0.0	0.0)
	(0.000000	0.0	0.0)
	(0.000002	0.0	0.0)
	(0.000003	0.0	0.0)
	(0.000004	0.0	0.0)
	(0.000005	0.0	0.0)
	(0.000006	0.0	0.0)
	(0.000006	0.0	0.0)
	(0.000007	0.0	0.0)
	(0.000007	0.0	0.0)
	(0.000007	0.0	0.0)
	(0.000008	0.0	0.0)
	(0.000007	0.0	0.0)
	(0.000007	0.0	0.0)
	(0.000007	0.0	0.0)
	(0.000006	0.0	0.0)
	(0.000006	0.0	0.0)
	(0.000005	0.0	0.0)
	(0.000004	0.0	0.0)
	(0.000003	0.0	0.0)
	(0.000002	0.0	0.0)
	(0.000001	0.0	0.0)
	(0.000000	0.0	0.0)
	(0.000000	0.0	0.0)
	(0.000000	0.0	0.0)
	(0.000000	0.0	0.0)
	(0.000000	0.0	0.0)
	(0.000000	0.0	0.0)
	(0.000000	0.0	0.0)
	(0.000000	0.0	0.0)
	(0.000000	0.0	0.0)
	(0.000000	0.0	0.0)
	(0.000000	0.0	0.0)
	(0.000000	0.0	0.0)
	(0.000000	0.0	0.0)
	(0.000000	0.0	0.0)
	(0.000000	0.0	0.0)
	(0.000001	0.0	0.0)
	(0.000004	0.0	0.0)
	(0.000008	0.0	0.0)
	(0.000012	0.0	0.0)
	(0.000000	0.0	0.0)
	(0.212919	0.0	0.0)
	(0.379046	0.0	0.0)
	(0.527188	0.0	0.0)
	(0.688416	0.0	0.0)
	(0.877313	0.0	0.0)
	(1.091970	0.0	0.0)
	(1.313987	0.0	0.0)
	(1.510188	0.0	0.0)
	(1.651481	0.0	0.0)
	(1.731722	0.0	0.0)
	(1.767969	0.0	0.0)
	(1.784422	0.0	0.0)
	(1.796358	0.0	0.0)
	(1.809111	0.0	0.0)
	(1.822836	0.0	0.0)
	(1.837279	0.0	0.0)
	(1.852210	0.0	0.0)
	(1.867425	0.0	0.0)
	(1.882744	0.0	0.0)
	(1.898010	0.0	0.0)
	(1.913094	0.0	0.0)
	(1.927888	0.0	0.0)
	(1.942310	0.0	0.0)
	(1.956304	0.0	0.0)
	(1.969836	0.0	0.0)
	(1.982898	0.0	0.0)
	(1.995493	0.0	0.0)
	(2.007626	0.0	0.0)
	(2.019304	0.0	0.0)
	(2.030534	0.0	0.0)
	(2.041323	0.0	0.0)
	(2.051681	0.0	0.0)
	(2.061616	0.0	0.0)
	(2.071140	0.0	0.0)
	(2.080264	0.0	0.0)
	(2.089000	0.0	0.0)
	(2.097360	0.0	0.0)
	(2.105358	0.0	0.0)
	(2.113010	0.0	0.0)
	(2.120329	0.0	0.0)
	(2.127334	0.0	0.0)
	(2.134040	0.0	0.0)
	(2.140466	0.0	0.0)
	(2.146630	0.0	0.0)
	(2.152552	0.0	0.0)
	(2.158253	0.0	0.0)
	(2.163753	0.0	0.0)
	(2.169075	0.0	0.0)
	(2.174242	0.0	0.0)
	(2.179277	0.0	0.0)
	(2.184205	0.0	0.0)
	(2.189049	0.0	0.0)
	(2.193829	0.0	0.0)
	(2.198559	0.0	0.0)
	(2.203254	0.0	0.0)
	(2.207921	0.0	0.0)
	(2.212565	0.0	0.0)
	(2.217188	0.0	0.0)
	(2.221787	0.0	0.0)
	(2.226357	0.0	0.0)
	(2.230888	0.0	0.0)
	(2.235367	0.0	0.0)
	(2.239777	0.0	0.0)
	(2.244098	0.0	0.0)
	(2.248305	0.0	0.0)
	(2.252371	0.0	0.0)
	(2.256265	0.0	0.0)
	(2.259951	0.0	0.0)
	(2.263391	0.0	0.0)
	(2.266542	0.0	0.0)
	(2.269360	0.0	0.0)
	(2.271794	0.0	0.0)
	(2.273791	0.0	0.0)
	(2.275294	0.0	0.0)
	(2.276243	0.0	0.0)
	(2.276574	0.0	0.0)
	(2.276230	0.0	0.0)
	(2.275167	0.0	0.0)
	(2.273355	0.0	0.0)
	(2.270778	0.0	0.0)
	(2.267436	0.0	0.0)
	(2.263342	0.0	0.0)
	(2.258526	0.0	0.0)
	(2.253029	0.0	0.0)
	(2.246909	0.0	0.0)
	(2.240237	0.0	0.0)
	(2.233100	0.0	0.0)
	(2.225599	0.0	0.0)
	(2.217857	0.0	0.0)
	(2.210121	0.0	0.0)
	(2.202860	0.0	0.0)
	(2.196771	0.0	0.0)
	(2.192786	0.0	0.0)
	(2.192062	0.0	0.0)
	(2.195315	0.0	0.0)
	(2.195355	0.0	0.0)
	(2.169641	0.0	0.0)
	(2.122902	0.0	0.0)
	(2.339730	0.0	0.0)
	(1.824999	0.0	0.0)
	(0.317485	0.0	0.0)
	(0.000000	0.0	0.0)
	(0.044108	0.0	0.0)
	(0.017280	0.0	0.0)
	(0.000000	0.0	0.0)
	(0.000000	0.0	0.0)
	(0.000000	0.0	0.0)
	(0.000000	0.0	0.0)
	(0.000547	0.0	0.0)
	(0.000687	0.0	0.0)
	(0.000527	0.0	0.0)
	(0.000290	0.0	0.0)
	(0.000100	0.0	0.0)
	(0.000000	0.0	0.0)
	(0.000000	0.0	0.0)
	(0.000000	0.0	0.0)
	(0.000000	0.0	0.0)
	(0.000000	0.0	0.0)
	(0.000000	0.0	0.0)
	(0.000000	0.0	0.0)
	(0.000000	0.0	0.0)
	(0.000000	0.0	0.0)
	(0.000000	0.0	0.0)
	(0.000000	0.0	0.0)
	(0.000006	0.0	0.0)
	(0.000013	0.0	0.0)
	(0.000018	0.0	0.0)
	(0.000021	0.0	0.0)
	(0.000023	0.0	0.0)
	(0.000024	0.0	0.0)
	(0.000024	0.0	0.0)
	(0.000023	0.0	0.0)
	(0.000021	0.0	0.0)
	(0.000019	0.0	0.0)
	(0.000016	0.0	0.0)
	(0.000013	0.0	0.0)
	(0.000010	0.0	0.0)
	(0.000007	0.0	0.0)
	(0.000004	0.0	0.0)
	(0.000001	0.0	0.0)
	(0.000000	0.0	0.0)
	(0.000000	0.0	0.0)
	(0.000000	0.0	0.0)
	(0.000000	0.0	0.0)
	(0.000000	0.0	0.0)
	(0.000000	0.0	0.0)
	(0.000000	0.0	0.0)
	(0.000000	0.0	0.0)
	(0.000000	0.0	0.0)
	(0.000000	0.0	0.0)
	(0.000000	0.0	0.0)
	(0.000000	0.0	0.0)
	(0.000000	0.0	0.0)
	(0.000000	0.0	0.0)
	(0.000000	0.0	0.0)
	(0.000000	0.0	0.0)
	(0.000000	0.0	0.0)
	(0.000000	0.0	0.0)
	(0.000000	0.0	0.0)
	(0.000000	0.0	0.0)
	(0.000000	0.0	0.0)
	(0.000002	0.0	0.0)
	(0.000003	0.0	0.0)
	(0.000004	0.0	0.0)
	(0.000005	0.0	0.0)
	(0.000006	0.0	0.0)
	(0.000006	0.0	0.0)
	(0.000007	0.0	0.0)
	(0.000007	0.0	0.0)
	(0.000007	0.0	0.0)
	(0.000008	0.0	0.0)
	(0.000007	0.0	0.0)
	(0.000007	0.0	0.0)
	(0.000007	0.0	0.0)
	(0.000006	0.0	0.0)
	(0.000006	0.0	0.0)
	(0.000005	0.0	0.0)
	(0.000004	0.0	0.0)
	(0.000003	0.0	0.0)
	(0.000002	0.0	0.0)
	(0.000001	0.0	0.0)
	(0.000000	0.0	0.0)
	(0.000000	0.0	0.0)
	(0.000000	0.0	0.0)
	(0.000000	0.0	0.0)
	(0.000000	0.0	0.0)
	(0.000000	0.0	0.0)
	(0.000000	0.0	0.0)
	(0.000000	0.0	0.0)
	(0.000000	0.0	0.0)
	(0.000000	0.0	0.0)
	(0.000000	0.0	0.0)
	(0.000000	0.0	0.0)
	(0.000000	0.0	0.0)
	(0.000000	0.0	0.0)
	(0.000000	0.0	0.0)
	(0.000001	0.0	0.0)
	(0.000004	0.0	0.0)
	(0.000008	0.0	0.0)
	(0.000012	0.0	0.0)
	(0.0	0.0	0.0)
	(0.0	0.0	0.0)
	(0.0	0.0	0.0)
	(0.0	0.0	0.0)
	(0.0	0.0	0.0)
	(0.0	0.0	0.0)
	(0.0	0.0	0.0)
	(0.0	0.0	0.0)
	(0.0	0.0	0.0)
	(0.0	0.0	0.0)
	(0.0	0.0	0.0)
	(0.0	0.0	0.0)
	(0.0	0.0	0.0)
	(0.0	0.0	0.0)
	(0.0	0.0	0.0)
	(0.0	0.0	0.0)
	(0.0	0.0	0.0)
	(0.0	0.0	0.0)
	(0.0	0.0	0.0)
	(0.0	0.0	0.0)
	(0.0	0.0	0.0)
	(0.0	0.0	0.0)
	(0.0	0.0	0.0)
	(0.0	0.0	0.0)
	(0.0	0.0	0.0)
	(0.0	0.0	0.0)
	(0.0	0.0	0.0)
	(0.0	0.0	0.0)
	(0.0	0.0	0.0)
	(0.0	0.0	0.0)
	(0.0	0.0	0.0)
	(0.0	0.0	0.0)
	(0.0	0.0	0.0)
	(0.0	0.0	0.0)
	(0.0	0.0	0.0)
	(0.0	0.0	0.0)
	(0.0	0.0	0.0)
	(0.0	0.0	0.0)
	(0.0	0.0	0.0)
	(0.0	0.0	0.0)
	(0.0	0.0	0.0)
	(0.0	0.0	0.0)
	(0.0	0.0	0.0)
	(0.0	0.0	0.0)
	(0.0	0.0	0.0)
	(0.0	0.0	0.0)
	(0.0	0.0	0.0)
	(0.0	0.0	0.0)
	(0.0	0.0	0.0)
	(0.0	0.0	0.0)
	(0.0	0.0	0.0)
	(0.0	0.0	0.0)
	(0.0	0.0	0.0)
	(0.0	0.0	0.0)
	(0.0	0.0	0.0)
	(0.0	0.0	0.0)
	(0.0	0.0	0.0)
	(0.0	0.0	0.0)
	(0.0	0.0	0.0)
	(0.0	0.0	0.0)
	(0.0	0.0	0.0)
	(0.0	0.0	0.0)
	(0.0	0.0	0.0)
	(0.0	0.0	0.0)
	(0.0	0.0	0.0)
	(0.0	0.0	0.0)
	(0.0	0.0	0.0)
	(0.0	0.0	0.0)
	(0.0	0.0	0.0)
	(0.0	0.0	0.0)
	(0.0	0.0	0.0)
	(0.0	0.0	0.0)
	(0.0	0.0	0.0)
	(0.0	0.0	0.0)
	(0.0	0.0	0.0)
	(0.0	0.0	0.0)
	(0.0	0.0	0.0)
	(0.0	0.0	0.0)
	(0.0	0.0	0.0)
	(0.0	0.0	0.0)
	(0.0	0.0	0.0)
	(0.0	0.0	0.0)
	(0.0	0.0	0.0)
	(0.0	0.0	0.0)
	(0.0	0.0	0.0)
	(0.0	0.0	0.0)
	(0.0	0.0	0.0)
	(0.0	0.0	0.0)
	(0.0	0.0	0.0)
	(0.0	0.0	0.0)
	(0.0	0.0	0.0)
	(0.0	0.0	0.0)
	(0.0	0.0	0.0)
	(0.0	0.0	0.0)
	(0.0	0.0	0.0)
	(0.0	0.0	0.0)
	(0.0	0.0	0.0)
	(0.0	0.0	0.0)
	(0.0	0.0	0.0)
	(0.0	0.0	0.0)
	(0.0	0.0	0.0)
	(0.0	0.0	0.0)
	(0.0	0.0	0.0)
	(0.0	0.0	0.0)
	(0.0	0.0	0.0)
	(0.0	0.0	0.0)
	(0.0	0.0	0.0)
	(0.0	0.0	0.0)
	(0.0	0.0	0.0)
	(0.0	0.0	0.0)
	(0.0	0.0	0.0)
	(0.0	0.0	0.0)
	(0.0	0.0	0.0)
	(0.0	0.0	0.0)
	(0.0	0.0	0.0)
	(0.0	0.0	0.0)
	(0.0	0.0	0.0)
	(0.0	0.0	0.0)
	(0.0	0.0	0.0)
	(0.0	0.0	0.0)
	(0.0	0.0	0.0)
	(0.0	0.0	0.0)
	(0.0	0.0	0.0)
	(0.0	0.0	0.0)
	(0.0	0.0	0.0)
	(0.0	0.0	0.0)
	(0.0	0.0	0.0)
	(0.0	0.0	0.0)
	(0.0	0.0	0.0)
	(0.0	0.0	0.0)
	(0.0	0.0	0.0)
	(0.0	0.0	0.0)
	(0.0	0.0	0.0)
	(0.0	0.0	0.0)
	(0.0	0.0	0.0)
	(0.0	0.0	0.0)
	(0.0	0.0	0.0)
	(0.0	0.0	0.0)
	(0.0	0.0	0.0)
	(0.0	0.0	0.0)
	(0.0	0.0	0.0)
	(0.0	0.0	0.0)
	(0.0	0.0	0.0)
	(0.0	0.0	0.0)
	(0.0	0.0	0.0)
	(0.0	0.0	0.0)
	(0.0	0.0	0.0)
	(0.0	0.0	0.0)
	(0.0	0.0	0.0)
	(0.0	0.0	0.0)
	(0.0	0.0	0.0)
	(0.0	0.0	0.0)
	(0.0	0.0	0.0)
	(0.0	0.0	0.0)
	(0.0	0.0	0.0)
	(0.0	0.0	0.0)
	(0.0	0.0	0.0)
	(0.0	0.0	0.0)
	(0.0	0.0	0.0)
	(0.0	0.0	0.0)
	(0.0	0.0	0.0)
	(0.0	0.0	0.0)
	(0.0	0.0	0.0)
	(0.0	0.0	0.0)
	(0.0	0.0	0.0)
	(0.0	0.0	0.0)
	(0.0	0.0	0.0)
	(0.0	0.0	0.0)
	(0.0	0.0	0.0)
	(0.0	0.0	0.0)
	(0.0	0.0	0.0)
	(0.0	0.0	0.0)
	(0.0	0.0	0.0)
	(0.0	0.0	0.0)
	(0.0	0.0	0.0)
	(0.0	0.0	0.0)
	(0.0	0.0	0.0)
	(0.0	0.0	0.0)
	(0.0	0.0	0.0)
	(0.0	0.0	0.0)
	(0.0	0.0	0.0)
	(0.0	0.0	0.0)
	(0.0	0.0	0.0)
	(0.0	0.0	0.0)
	(0.0	0.0	0.0)
	(0.0	0.0	0.0)
	(0.0	0.0	0.0)
	(0.0	0.0	0.0)
	(0.0	0.0	0.0)
	(0.0	0.0	0.0)
	(0.0	0.0	0.0)
	(0.0	0.0	0.0)
	(0.0	0.0	0.0)
	(0.0	0.0	0.0)
	(0.0	0.0	0.0)
	(0.0	0.0	0.0)
	(0.0	0.0	0.0)
	(0.0	0.0	0.0)
	(0.0	0.0	0.0)
	(0.0	0.0	0.0)
	(0.0	0.0	0.0)
)